6
1
 5
3
 5 4 5
 5 6 5
 5 5 5
7
 164 173 182 135 144 153 162
 172 181 141 143 152 161 163
 180 140 154 151 160 169 171
 139 148 150 159 168 170 179
 147 149 158 167 176 178 138
 155 157 166 175 177 137 146
 156 165 174 183 136 145 142
9
 152 163 174 129 106 117 128 139 150
 162 173 184 114 116 127 138 149 151
 172 183 113 115 126 137 148 159 161
 182 112 123 125 136 147 158 160 171
 111 122 124 135 146 157 168 170 181
 121 132 134 145 156 167 169 109 110
 131 133 144 155 166 177 179 180 120
 141 143 154 165 176 178 108 119 130
 142 153 164 175 186 107 118 185 140
9
 149 160 171 182 103 114 125 136 139
 159 170 181 111 113 124 135 146 148
 169 180 110 112 123 134 145 156 158
 179 109 120 122 133 144 155 157 168
 108 119 121 132 143 154 165 167 178
 118 129 131 142 153 164 166 177 107
 128 130 141 152 163 174 176 106 117
 138 140 151 162 173 175 105 116 127
 147 150 161 172 183 104 115 126 137
25
 999 999 999 999 999 999 999 999 999 999 999 999 999 999 999 999 999 999 999 999 999 999 999 999 999
 999 999 999 999 999 999 999 999 999 999 999 999 999 999 999 999 999 999 999 999 999 999 999 999 999
 999 999 999 999 999 999 999 999 999 999 999 999 999 999 999 999 999 999 999 999 999 999 999 999 999
 999 999 999 999 999 999 999 999 999 999 999 999 999 999 999 999 999 999 999 999 999 999 999 999 999
 999 999 999 999 999 999 999 999 999 999 999 999 999 999 999 999 999 999 999 999 999 999 999 999 999
 999 999 999 999 999 999 999 999 999 999 999 999 999 999 999 999 999 999 999 999 999 999 999 999 999
 999 999 999 999 999 999 999 999 999 999 999 999 999 999 999 999 999 999 999 999 999 999 999 999 999
 999 999 999 999 999 999 999 999 999 999 999 999 999 999 999 999 999 999 999 999 999 999 999 999 999
 999 999 999 999 999 999 999 999 999 999 999 999 999 999 999 999 999 999 1000 999 999 999 999 999 999
 999 999 999 999 999 999 999 999 999 999 999 999 999 999 999 999 999 999 999 999 999 999 999 999 999
 999 999 999 999 999 999 999 999 999 999 999 999 999 999 999 999 999 999 999 999 999 999 999 999 999
 999 999 999 999 999 999 999 999 999 999 999 999 999 999 999 999 999 999 999 999 999 999 999 999 999
 999 999 999 999 999 999 999 999 999 999 999 999 999 999 999 999 999 999 999 999 999 999 999 999 999
 999 999 999 999 999 999 999 999 999 999 999 999 999 999 999 999 999 999 999 999 999 999 999 999 999
 999 999 999 999 999 999 999 999 999 999 999 999 999 999 999 999 999 999 999 999 999 999 999 999 999
 999 999 999 999 999 999 999 999 999 999 999 999 999 999 999 999 999 999 999 999 999 999 999 999 999
 999 999 999 999 999 999 999 999 999 999 999 999 999 999 999 999 999 999 999 999 999 999 999 999 999
 999 999 999 999 999 999 999 999 999 999 999 999 999 999 999 999 999 999 999 999 999 999 999 999 999
 999 999 999 999 999 999 999 999 999 999 999 999 999 999 999 999 999 999 999 999 999 999 999 999 999
 999 999 999 999 999 999 999 999 999 999 999 999 999 999 999 999 999 999 999 999 999 999 999 999 999
 999 999 999 999 999 999 999 999 999 999 999 999 999 999 999 999 999 999 999 999 999 999 999 999 999
 999 999 999 999 999 999 999 999 999 999 999 999 999 999 999 999 999 999 999 999 999 999 999 999 999
 999 999 999 999 998 999 999 999 999 999 999 999 999 999 999 999 999 999 999 999 999 999 999 999 999
 999 999 999 999 999 999 999 999 999 999 999 999 999 999 999 999 999 999 999 999 999 999 999 999 999
 999 999 999 999 999 999 999 999 999 999 999 999 999 999 999 999 999 999 999 999 999 999 999 999 999
