195 165 3018
0 47 348
0 55 -522
0 56 -435
0 63 -55
0 65 -441
0 66 -630
0 77 140
0 78 -420
0 79 -740
0 99 560
0 100 800
0 117 284
0 125 -426
0 126 -355
0 135 -46
0 137 384
0 145 -576
0 146 -480
0 148 -90
0 149 -60
0 153 -9
1 37 -232
1 45 348
1 46 290
1 54 609
1 55 870
1 61 -14
1 64 567
1 67 -550
1 77 540
1 98 -720
1 114 -490
1 116 490
1 124 497
1 125 710
1 139 -460
1 144 672
1 145 960
1 148 -6
1 150 114
1 153 -12
1 162 -270
2 44 -406
2 45 -580
2 53 -783
2 65 -140
2 66 -55
2 71 -110
2 98 49
2 123 -639
2 138 -46
2 143 -956
2 159 -180
2 162 -18
3 43 522
3 64 -14
3 69 -28
3 80 -165
3 102 490
3 137 171
3 141 342
3 152 -138
3 159 -12
4 8 -128
4 16 192
4 17 160
4 69 630
4 71 -630
4 77 -110
4 78 -42
4 82 600
4 84 -600
4 101 49
4 103 -800
4 105 800
4 106 98
4 143 84
4 146 -270
4 149 -92
4 150 -540
4 151 -126
4 152 -105
5 15 -224
5 16 -320
5 53 -63
5 58 -870
5 60 870
5 66 -60
5 75 -28
5 87 80
5 115 147
5 128 -710
5 130 710
5 146 -18
5 148 -960
5 150 843
5 151 210
5 153 -171
6 14 288
6 42 87
6 48 580
6 50 -580
6 57 -630
6 64 -165
6 68 -330
6 70 -600
6 91 800
6 112 169
6 132 96
6 136 -138
6 140 -276
6 149 -189
6 159 360
6 162 270
7 32 -58
7 46 870
7 56 -63
7 61 -126
7 62 -42
7 66 -84
7 69 -60
7 74 -120
7 90 80
7 95 160
7 116 710
7 136 960
7 146 513
7 159 24
7 162 18
8 21 -84
8 29 126
8 30 105
8 36 -580
8 45 87
8 50 174
8 70 -189
8 77 220
8 80 165
8 83 -180
8 99 147
8 103 294
8 104 240
8 115 71
8 120 142
8 135 96
8 140 192
8 144 -399
8 149 184
8 152 138
8 155 -810
9 19 320
9 21 -320
9 28 -147
9 29 -210
9 35 -58
9 40 -116
9 59 261
9 67 -126
9 75 56
9 78 42
9 80 -120
9 101 160
9 129 213
9 149 288
9 153 630
9 154 -210
9 155 -54
9 156 210
10 3 -32
10 4 472
10 5 480
10 12 156
10 13 130
10 27 189
10 49 -174
10 56 174
10 73 -495
10 112 -196
10 115 -147
10 126 142
10 138 135
10 145 -414
10 146 192
10 153 42
11 3 -672
11 4 -960
11 7 -320
11 11 -182
11 12 -260
11 46 -116
11 54 -189
11 58 -378
11 67 -180
11 71 -101
11 88 240
11 92 480
11 95 -92
11 103 138
11 104 115
11 127 -276
11 135 414
11 136 345
11 142 210
11 143 322
11 147 -180
12 2 864
12 4 222
12 5 185
12 6 -32
12 10 234
12 11 -64
12 43 261
12 47 522
12 69 98
12 102 -161
12 103 -230
12 108 441
12 113 213
12 117 426
12 133 288
12 134 -483
12 135 -690
12 137 576
12 141 21
12 146 42
12 147 -12
13 3 -259
13 4 -370
13 20 -96
13 32 210
13 33 -174
13 34 -210
13 37 -348
13 64 152
13 65 -110
13 67 252
13 70 189
13 72 -228
13 73 -190
13 80 240
13 83 180
13 101 -113
13 104 -240
13 106 -343
13 119 232
13 127 -348
13 128 -290
13 133 621
13 137 -92
13 155 63
14 2 333
14 16 -21
14 17 -64
14 56 -348
14 59 -261
14 63 -28
14 71 266
14 72 380
14 126 122
14 127 580
14 129 -213
14 146 -384
14 149 -288
14 152 42
15 7 960
15 9 -960
15 15 260
15 17 -260
15 20 -210
15 46 232
15 49 174
15 59 -204
15 63 -567
15 67 306
15 68 255
15 70 -342
15 76 -540
15 79 256
15 87 -384
15 88 -320
15 97 720
15 100 98
15 125 -522
16 4 -96
16 8 -192
16 19 -21
16 24 -42
16 52 783
16 61 441
16 66 -357
16 67 -510
16 74 420
16 86 448
16 87 640
16 95 -560
16 106 230
16 108 -230
16 122 639
16 138 690
16 139 63
16 140 -690
16 142 864
16 143 126
17 3 -260
17 7 370
17 9 -370
17 33 -63
17 42 -522
17 50 -609
17 65 459
17 85 -576
17 90 -23
17 120 -497
17 122 -69
17 140 -672
18 2 -26
18 7 -52
18 17 128
18 20 96
18 30 -42
18 40 406
18 55 -126
18 68 -120
18 75 -380
18 77 380
18 89 160
18 94 -230
18 126 -690
18 130 -580
18 132 580
18 152 -84
18 155 -63
19 8 -288
19 16 -78
19 44 174
19 59 38
19 93 -23
19 98 -46
19 114 200
19 125 -69
19 130 -138
19 134 192
20 5 -192
20 13 -340
20 17 -63
20 21 -126
20 32 -16
20 34 -116
20 40 24
20 41 20
20 63 380
20 70 510
20 72 -510
20 90 -640
20 92 640
20 107 -69
20 118 580
20 139 -207
20 148 189
21 8 -111
21 11 224
21 39 -28
21 40 -40
21 54 -51
21 62 38
21 67 76
21 74 64
21 104 -46
21 117 58
21 122 116
21 123 348
21 131 -522
21 132 -435
21 136 -138
21 146 -147
22 0 -78
22 4 -156
22 5 -74
22 30 84
22 33 63
22 38 36
22 58 -510
22 76 114
22 78 640
22 130 609
22 131 1044
22 137 -380
22 145 570
22 146 475
23 5 -64
23 57 -51
23 62 -102
23 73 76
23 77 64
23 82 128
23 91 -69
23 95 -138
23 123 -207
23 127 -414
23 128 116
23 129 -783
23 140 42
23 141 392
23 144 -665
23 145 -950
23 149 -588
23 150 -490
24 5 384
24 8 288
24 13 104
24 16 78
24 26 -189
24 71 -153
24 91 192
24 120 20
24 121 -240
24 128 -30
24 129 335
24 130 300
24 143 855
24 148 686
24 149 980
25 24 147
25 43 40
25 45 -40
25 60 114
25 64 228
25 68 -102
25 88 128
25 104 92
25 107 69
25 115 174
25 119 348
25 127 35
25 128 -370
25 129 -600
25 136 276
25 139 207
25 147 -882
26 1 -864
26 5 148
26 8 111
26 9 -234
26 27 -4
26 126 -45
26 127 540
26 134 -870
26 136 870
27 7 182
27 18 -42
27 31 -40
27 55 -153
27 59 -306
27 73 -152
27 75 192
27 76 -114
27 79 384
27 100 -207
27 118 87
27 128 -232
27 131 -174
27 132 -621
27 148 950
27 150 -950
28 1 -333
28 30 -4
28 35 -8
28 98 161
28 122 870
28 130 483
28 132 -95
28 152 -980
28 154 980
28 159 -260
29 1 -52
29 27 -60
29 29 -204
29 35 90
29 36 75
29 37 306
29 38 255
29 44 -12
29 68 204
29 69 342
29 71 153
29 88 -256
29 91 -192
29 121 87
29 124 522
29 126 174
29 131 -50
29 132 600
29 133 50
29 134 -600
29 136 -852
30 34 -105
30 35 -150
30 36 -357
30 37 -510
30 41 -8
30 67 -266
30 71 -328
30 79 492
30 80 410
30 92 -46
30 115 5
30 116 -60
30 122 -406
30 124 -138
30 135 166
30 140 790
31 9 -348
31 17 522
31 18 435
31 33 135
31 35 459
31 64 -459
31 78 -574
31 79 -820
31 84 576
31 119 50
31 120 -600
31 132 174
31 139 98
31 144 196
31 149 -285
32 16 -609
32 17 -870
32 28 -12
32 32 -24
32 33 36
32 41 -54
32 42 -45
32 61 76
32 62 357
32 77 738
32 82 -448
32 116 116
32 118 5
32 119 -60
32 123 10
32 124 -120
32 146 -190
32 153 294
33 3 -208
33 11 312
33 12 260
33 15 783
33 40 63
33 41 90
33 119 261
33 123 522
33 132 15
33 133 -180
33 150 196
34 10 -364
34 11 -520
34 38 150
34 39 -81
34 40 360
34 41 16
34 42 -510
34 44 12
34 56 -102
34 76 128
34 129 10
34 130 -120
34 133 -285
34 137 -570
34 154 -65
35 9 468
35 22 -15
35 24 -51
35 82 820
35 84 -820
35 132 -348
35 135 -261
35 137 294
35 141 588
35 158 -650
36 20 870
36 22 -870
36 26 -150
36 28 -510
36 37 -36
36 66 -82
36 116 15
36 117 -180
36 120 30
36 121 -360
36 146 380
36 149 285
36 157 -65
36 162 -130
37 4 -87
37 25 -15
37 27 -51
37 30 -30
37 32 -102
37 35 28
37 44 -90
37 46 90
37 65 -132
37 70 -820
37 73 198
37 74 165
37 128 783
37 150 -392
37 153 -294
38 8 -870
38 14 520
38 16 -520
38 28 9
38 39 -45
38 41 -153
38 69 -82
38 72 -231
38 73 -330
38 74 -164
38 126 -609
38 129 -20
38 130 240
38 132 -15
38 133 180
38 142 -855
39 7 -87
39 12 -174
39 23 -84
39 29 -8
39 31 126
39 32 195
39 36 -30
39 38 -102
39 71 297
39 83 -246
39 140 665
39 146 882
40 2 -520
40 21 -261
40 30 -147
40 31 -201
40 36 18
40 80 -164
40 120 174
40 125 45
40 126 -540
40 144 -694
40 152 12
40 153 10
40 155 -195
40 159 -390
41 1 -52
41 6 -104
41 18 -2
41 23 -45
41 25 -153
41 26 -258
41 27 -305
41 29 -117
41 45 27
41 106 20
41 114 -30
41 115 -25
41 123 -35
41 124 420
41 127 -88
41 134 -190
41 135 132
41 136 110
41 151 -14
41 152 -20
42 15 -156
42 25 301
42 26 430
42 42 18
42 67 -246
42 71 -492
42 76 330
42 78 -330
42 113 35
42 114 50
42 134 -154
42 135 -220
42 138 196
42 150 18
43 5 -261
43 9 -522
43 12 -104
43 24 -387
43 36 60
43 38 204
43 39 45
43 41 153
43 60 -33
43 112 -45
43 117 10
43 118 -120
43 133 198
44 29 27
44 33 54
44 34 210
44 36 -210
44 64 -330
44 80 328
44 83 246
44 90 300
44 98 -450
44 99 -375
44 164 -585
45 3 -312
45 18 327
45 21 261
45 32 -135
45 34 -459
45 63 -33
45 68 -66
45 97 525
45 98 750
45 111 -132
45 119 198
45 120 165
45 155 20
45 157 -20
45 162 455
46 22 -210
46 29 -430
46 30 105
46 31 430
46 32 357
46 42 -36
46 45 -27
46 76 -738
46 77 -99
46 96 -675
46 117 -50
46 118 -231
46 119 -280
46 138 220
46 139 -2
46 140 -220
47 12 208
47 13 43
47 14 -783
47 15 156
47 21 -21
47 26 -42
47 74 508
47 101 5
47 117 297
47 122 -22
47 143 -20
47 156 -130
48 12 609
48 17 430
48 24 -258
48 26 -102
48 32 342
48 33 285
48 35 -63
48 38 81
48 105 50
48 124 64
48 126 -220
48 132 -96
48 133 -80
48 142 -2
48 147 -4
49 8 -468
49 16 43
49 21 86
49 31 -399
49 32 -612
49 36 -63
49 61 -99
49 65 -198
49 68 -164
49 101 -750
49 103 750
49 104 5
49 109 10
49 110 -300
49 118 450
49 119 375
49 125 -22
49 130 -44
49 131 112
49 132 160
49 156 -6
50 6 190
50 30 642
50 85 75
50 117 -525
50 118 -735
50 122 330
50 124 -330
50 130 -144
50 139 -66
50 153 -4
51 19 -63
51 23 -126
51 27 86
51 30 18
51 74 132
51 77 99
51 89 750
51 106 -33
51 115 10
51 116 675
51 136 -44
51 154 -20
51 162 30
51 163 25
52 0 -104
52 8 -228
52 16 342
52 17 285
52 88 75
52 93 150
52 110 -330
52 140 -6
52 144 -12
52 161 -35
52 162 -50
53 14 129
53 15 -399
53 16 -570
53 18 258
53 32 84
53 35 633
53 37 -570
53 70 -297
53 81 28
53 89 -42
53 90 -35
53 102 240
53 106 30
53 109 -33
53 114 -66
53 123 -66
53 127 -132
53 135 -160
53 137 160
53 160 45
54 14 513
54 19 -57
54 68 231
54 88 49
54 89 70
54 99 150
54 119 16
54 121 750
54 123 -849
54 153 8
54 156 6
55 16 -80
55 23 -570
55 24 120
55 25 100
55 27 -172
55 28 -189
55 30 -129
55 83 128
55 87 -63
55 91 -192
55 92 -160
55 105 -75
55 115 -20
55 118 -15
55 120 -66
55 123 160
55 136 88
55 139 66
56 22 -57
56 23 -140
56 24 -200
56 26 147
56 27 -114
56 47 112
56 55 -168
56 56 -140
56 62 -66
56 86 225
56 90 674
56 91 320
56 109 -750
56 122 16
56 127 32
56 149 -18
57 19 570
57 21 -570
57 22 180
57 23 387
57 36 -171
57 40 -24
57 48 36
57 49 30
57 54 196
57 55 280
57 89 -288
57 107 -99
57 108 -75
57 111 -153
57 113 -150
57 132 -198
57 136 48
57 147 14
57 148 -48
57 149 -77
57 156 72
57 157 168
57 158 90
58 3 -57
58 20 -42
58 21 -301
58 33 -114
58 47 -42
58 48 -60
58 53 -252
58 92 -70
58 94 70
58 99 -300
58 102 -225
58 109 -35
58 122 -225
58 130 154
58 133 32
58 153 -50
58 155 -84
58 156 -246
58 157 -180
59 7 -570
59 23 72
59 31 -108
59 32 -90
59 46 54
59 76 7
59 119 -150
59 120 132
59 123 99
59 141 -4
59 152 -5
59 154 108
59 155 162
59 157 -10
60 6 -57
60 11 -114
60 15 86
60 20 -171
60 24 -342
60 27 200
60 29 -200
60 30 126
60 31 180
60 80 70
60 94 -320
60 95 675
60 96 320
60 103 10
60 120 48
60 124 52
61 11 -20
61 20 -171
61 29 -162
61 42 -372
61 50 558
61 51 465
61 58 -280
61 60 280
61 78 32
61 79 7
61 84 14
61 93 -525
61 106 -225
61 110 -450
61 116 -297
61 119 380
61 127 -570
61 128 -475
61 163 -10
62 15 -200
62 17 -114
62 33 228
62 36 171
62 42 28
62 49 -651
62 50 -930
62 51 60
62 53 -60
62 82 320
62 93 21
62 114 231
62 126 665
62 127 950
62 133 -64
62 136 -48
62 159 120
62 160 180
62 161 -120
62 162 -180
63 10 140
63 14 -20
63 18 -210
63 19 -215
63 35 -6
63 46 280
63 48 837
63 81 32
63 86 64
63 87 150
63 90 14
63 111 276
63 119 -114
63 120 -345
63 122 225
63 125 -855
63 143 -12
63 144 -18
63 150 -15
63 154 -30
64 4 -171
64 8 -342
64 17 245
64 18 350
64 28 -60
64 29 -513
64 34 -180
64 36 180
64 39 -60
64 45 28
64 50 56
64 95 96
64 108 -66
64 118 483
64 119 690
64 129 144
64 147 -120
64 148 -180
65 16 -315
65 18 18
65 25 -40
65 27 399
65 38 -6
65 43 -12
65 59 84
65 77 21
65 81 42
65 92 64
65 115 -675
65 117 -621
65 127 -112
65 146 -12
65 147 -18
65 151 -24
65 152 -36
65 163 20
66 17 228
66 20 171
66 22 180
66 52 -18
66 53 930
66 55 -930
66 56 56
66 94 176
66 102 -264
66 103 -220
66 113 525
66 130 -950
66 132 950
66 160 -36
66 161 -54
67 12 -60
67 16 -120
67 21 -96
67 26 36
67 37 -93
67 49 -12
67 79 96
67 83 192
67 90 -28
67 93 -21
67 94 -96
67 101 308
67 102 584
67 103 120
67 114 95
67 121 32
67 157 -24
67 158 -36
67 159 -45
68 13 -513
68 21 -350
68 23 350
68 35 54
68 41 -930
68 43 84
68 47 168
68 100 -396
68 101 -168
68 102 -240
68 107 -150
68 118 950
68 122 -690
68 124 690
68 157 35
69 5 35
69 11 399
69 25 80
69 28 60
69 32 36
69 36 -18
69 40 -129
69 45 -186
69 86 63
69 92 -128
69 95 -96
69 100 216
69 106 69
69 117 95
69 122 190
69 128 164
69 136 -246
69 137 -205
69 144 -36
69 145 -54
69 148 -72
69 149 -108
70 9 350
70 54 -279
70 56 -112
70 59 -84
70 84 -49
70 110 690
70 131 285
70 135 287
70 136 410
70 151 -10
71 5 -294
71 6 -150
71 8 35
71 13 70
71 19 54
71 21 -180
71 23 108
71 49 24
71 51 -186
71 52 18
71 88 288
71 105 -440
71 107 440
71 109 69
71 114 138
71 128 190
71 134 -369
71 157 48
71 158 72
71 160 36
71 161 54
72 4 210
72 5 300
72 19 140
72 22 105
72 52 252
72 78 14
72 86 -224
72 89 44
72 105 240
72 107 -240
72 123 207
73 3 -270
73 19 70
73 32 -72
73 35 -54
73 38 -279
73 42 -558
73 45 -54
73 50 -196
73 89 -24
73 93 440
73 115 285
73 119 570
73 120 138
73 153 -108
73 154 -162
74 13 -40
74 20 -256
74 28 384
74 29 320
74 43 42
74 80 64
74 92 44
74 93 -240
74 97 88
74 111 -144
74 119 216
74 120 180
74 139 -410
74 141 410
74 151 84
74 152 126
75 6 105
75 10 210
75 27 -448
75 28 -790
75 36 468
75 37 390
75 44 56
75 51 372
75 54 279
75 92 -24
75 97 -48
75 106 132
75 107 207
75 111 414
75 118 -252
75 119 -360
75 123 41
75 128 -380
75 131 -285
76 8 -300
76 10 300
76 26 450
76 35 -546
76 36 -780
76 37 -12
76 103 88
76 106 -72
76 117 324
76 127 410
76 145 -24
76 146 -36
77 19 -140
77 22 -105
77 34 702
77 47 -837
77 103 -48
77 120 -276
77 123 -207
77 124 855
77 126 41
77 131 82
78 20 36
78 45 651
78 90 132
78 94 264
78 122 -665
78 140 123
79 0 60
79 15 315
79 31 640
79 33 -640
79 82 -256
79 90 312
79 91 320
79 94 -144
79 116 621
79 122 360
79 124 -360
79 135 40
79 137 82
79 143 -60
79 144 -50
80 9 90
80 13 -245
80 15 -64
80 39 594
80 41 -780
80 89 -448
80 90 -640
80 103 -176
80 106 -168
80 114 -483
80 116 190
80 142 70
80 143 100
81 6 60
81 19 -640
81 23 -78
81 88 576
81 103 96
81 106 72
81 110 -360
81 124 123
81 128 246
81 141 -90
82 7 70
82 18 -64
82 23 -128
82 27 -780
82 46 88
82 54 -132
82 55 -110
82 99 396
82 108 138
82 109 100
82 114 -72
82 117 -204
82 118 -170
83 26 -78
83 31 -156
83 32 -192
83 53 154
83 54 220
83 97 -308
83 99 -216
83 109 104
83 116 238
83 117 184
83 118 -130
83 123 -108
83 137 -164
83 140 -123
84 29 -128
84 40 -234
84 52 -198
84 93 640
84 95 -640
84 97 168
84 115 -306
84 116 182
84 117 260
84 120 -72
84 146 -100
84 148 100
85 6 -120
85 9 -90
85 37 -156
85 59 -280
85 67 420
85 68 350
85 77 -64
85 91 88
85 115 -234
85 130 10
85 133 369
86 16 -192
86 20 -384
86 30 112
86 38 -168
86 39 -140
86 66 -490
86 67 -700
86 81 -640
86 91 -48
86 107 -108
86 111 -216
86 131 -287
86 134 100
87 1 -152
87 2 270
87 9 228
87 10 190
87 24 -234
87 28 -468
87 37 196
87 38 280
87 57 -220
87 59 220
87 65 630
87 80 -64
87 85 -128
87 120 -340
87 122 340
87 133 10
87 138 20
87 157 -180
88 0 -210
88 8 -266
88 9 -380
88 29 256
88 32 192
88 36 -252
88 41 22
88 94 -192
88 104 34
88 120 -116
88 122 260
88 123 108
88 125 82
88 147 30
88 164 -315
89 7 342
89 27 232
89 35 -348
89 36 -290
89 37 312
89 40 234
89 45 220
89 91 -128
89 104 26
89 108 340
89 136 168
89 144 -232
89 145 -210
89 163 405
90 18 -160
90 25 -576
90 26 240
90 27 200
90 33 320
90 34 406
90 35 808
90 41 -480
90 42 -400
90 43 -342
90 44 -263
90 49 44
90 70 700
90 72 -700
90 106 -132
90 107 34
90 108 260
90 112 68
90 114 198
90 115 165
90 116 -324
90 143 294
90 144 420
91 23 448
91 25 -280
91 26 -400
91 33 -1224
91 40 560
91 41 520
91 42 399
91 43 850
91 54 -70
91 58 66
91 78 -192
91 82 -384
91 107 26
91 112 52
91 113 -231
91 114 -78
91 121 102
91 131 30
91 135 60
91 142 -378
92 12 460
92 14 -380
92 20 -120
92 21 -100
92 24 360
92 25 28
92 31 546
92 39 -720
92 41 -513
92 55 44
92 58 -700
92 91 288
92 99 -432
92 100 -360
92 112 297
92 118 68
92 121 78
93 17 -128
93 19 140
93 20 200
93 29 280
93 57 -70
93 62 -140
93 91 256
93 94 192
93 98 504
93 99 720
93 108 -72
93 118 52
93 144 -40
93 147 -30
93 152 -45
94 0 -380
94 18 -180
94 25 -156
94 28 28
94 33 56
94 38 -580
94 40 580
94 42 66
94 46 132
94 71 -210
94 97 -648
94 105 102
94 109 204
94 147 -420
94 149 420
94 156 -450
95 4 -76
95 20 212
95 22 58
95 28 -318
95 29 135
95 31 -400
95 42 84
95 44 -800
95 46 230
95 48 570
95 68 -140
95 87 -576
95 105 78
95 109 156
95 117 330
95 119 -330
95 131 42
95 140 90
95 155 -45
95 160 -90
96 13 -154
96 26 580
96 27 371
96 28 610
96 30 57
96 39 56
96 55 -88
96 58 -66
96 85 448
96 101 -33
96 118 -136
96 121 -102
96 135 420
96 138 -70
97 10 -76
97 17 -400
97 23 -200
97 25 258
97 26 -477
97 30 116
97 32 800
97 34 570
97 55 -210
97 59 -420
97 102 -720
97 104 720
97 105 -330
97 118 -104
97 121 -78
97 134 42
97 139 84
98 7 20
98 16 -40
98 21 -80
98 26 84
98 30 168
98 31 80
98 33 57
98 36 160
98 38 114
98 39 174
98 51 198
98 73 -384
98 79 -128
98 81 576
98 82 480
98 86 72
98 104 -33
98 109 -66
98 114 306
98 132 20
98 148 126
99 1 -228
99 11 200
99 30 -120
99 36 116
99 45 240
99 47 171
99 49 -154
99 68 280
99 71 210
99 80 -672
99 81 -960
99 90 720
99 112 -238
99 114 234
99 118 -99
99 145 84
99 153 -135
99 157 -270
100 10 20
100 15 40
100 27 -80
100 31 -530
100 33 530
100 39 -112
100 42 76
100 44 114
100 79 864
100 89 72
100 94 144
100 112 -182
100 115 -66
101 10 152
101 13 114
101 15 53
101 23 174
101 24 60
101 27 348
101 43 44
101 64 -630
101 103 216
101 106 68
101 132 126
101 136 252
102 14 -120
102 18 -240
102 19 530
102 21 40
102 29 240
102 31 171
102 33 480
102 35 594
102 55 140
102 62 490
102 63 -210
102 64 -175
102 100 144
102 102 -99
102 106 -146
103 6 -342
103 18 53
103 23 106
103 33 -196
103 36 -232
103 39 -174
103 62 245
103 63 350
103 84 960
103 86 -960
103 139 -148
103 145 -168
103 147 222
103 148 59
103 162 -405
104 4 266
104 8 60
104 12 120
104 27 160
104 30 120
104 32 159
104 42 -320
104 44 -228
104 45 -240
104 47 -171
104 56 -140
104 61 -315
104 68 -96
104 76 -132
104 84 198
104 85 165
104 87 216
104 91 432
104 99 -84
104 107 126
104 108 105
104 115 132
104 118 99
104 146 -259
104 147 -370
104 160 315
105 27 56
105 29 106
105 32 522
105 72 -960
105 83 -231
105 84 -330
105 106 -147
105 107 -210
105 141 378
105 145 333
106 21 -80
106 23 -360
106 24 -60
106 30 -406
106 38 720
106 40 513
106 71 -96
106 76 -192
106 82 297
106 100 -288
106 103 -216
106 105 189
106 111 -297
106 124 384
106 132 -576
106 133 -480
106 139 -294
106 154 -90
107 6 -258
107 7 -215
107 16 159
107 20 318
107 21 280
107 36 -560
107 38 -399
107 66 -350
107 68 350
107 85 -288
107 109 231
107 131 672
107 132 960
108 5 301
108 6 430
108 17 180
108 24 116
108 50 35
108 82 -192
108 96 648
108 130 -864
108 133 84
108 150 370
108 152 -370
109 4 -387
109 15 -220
109 29 -212
109 30 160
109 32 -45
109 54 350
109 87 330
109 89 -330
109 94 -504
109 103 -66
109 110 210
109 112 -210
109 134 -37
110 53 35
110 58 70
110 69 -288
110 71 -33
110 73 -576
110 94 -21
110 138 -370
111 9 40
111 25 477
111 67 105
111 75 -330
111 88 144
111 98 -210
111 135 -960
111 137 923
111 142 -74
112 9 -430
112 11 430
112 23 -371
112 64 70
112 74 -33
112 79 -66
112 82 384
112 85 288
112 97 -21
112 102 -42
112 109 -308
112 117 462
112 118 385
112 119 96
112 151 -111
113 85 120
113 88 -99
113 93 -180
113 94 -150
113 111 -63
113 116 -539
113 117 -770
113 123 960
113 148 -74
113 151 260
113 159 -390
113 160 -325
114 17 106
114 51 105
114 54 -368
114 55 210
114 62 552
114 63 460
114 72 48
114 78 -864
114 80 -72
114 81 -60
114 85 -66
114 92 210
114 93 300
114 108 -42
114 115 693
114 122 96
114 127 192
114 158 455
114 159 650
115 1 86
115 61 -644
115 62 -920
115 76 672
115 79 84
115 80 120
115 91 -270
115 135 -111
115 136 288
115 139 -222
115 157 -585
116 0 -144
116 8 216
116 9 180
116 10 129
116 42 40
116 50 -60
116 51 -50
116 60 828
116 64 -140
116 67 -105
116 72 -99
116 76 -198
116 78 -108
116 95 -63
116 99 -126
116 133 192
117 7 -166
117 8 -360
117 49 70
117 50 100
117 70 -192
117 120 770
117 122 -770
117 134 124
117 142 -186
117 143 -155
117 148 148
117 151 111
118 6 324
118 48 -90
118 60 315
118 85 132
118 88 99
118 96 -300
118 98 300
118 104 -77
118 108 84
118 111 63
118 120 288
118 124 576
118 141 217
118 142 310
118 162 -650
118 164 650
119 58 -245
119 65 920
119 67 -920
119 80 30
119 83 -120
119 85 120
119 108 -770
119 140 -279
119 144 -333
119 146 65
119 157 -4
120 49 -92
120 67 12
120 81 -297
120 84 300
120 104 -189
120 107 -77
120 112 -154
120 133 -384
120 136 -288
120 142 259
120 150 650
120 164 -7
121 7 -172
121 10 -129
121 11 360
121 13 -360
121 52 70
121 53 -1020
121 55 100
121 71 120
121 79 231
121 83 30
121 88 60
121 102 147
121 121 -231
121 149 65
121 154 130
121 163 9
122 37 342
122 44 -240
122 45 -498
122 46 -415
122 52 268
122 53 300
122 57 -184
122 70 12
122 75 24
122 97 90
122 118 -154
122 129 864
122 136 -74
122 145 -310
122 147 310
122 163 195
123 3 387
123 41 100
123 44 581
123 45 830
123 51 -420
123 52 -600
123 66 -276
123 73 -66
123 84 36
123 94 60
123 96 -42
123 127 -672
123 129 31
123 160 130
124 1 -301
124 3 -72
124 40 10
124 43 -747
124 45 20
124 50 540
124 63 -184
124 81 24
124 105 -231
124 109 -462
124 128 -132
124 133 310
124 136 198
124 137 165
125 12 -108
125 54 30
125 81 90
125 85 180
125 121 192
125 132 31
125 135 -231
125 136 -330
125 137 62
125 147 195
125 151 390
125 152 -1
126 9 -72
126 50 -276
126 51 20
126 54 -552
126 63 348
126 68 36
126 71 -522
126 72 -363
126 118 308
126 121 231
126 134 297
126 146 93
126 156 -10
127 48 -830
127 50 830
127 55 600
127 57 -600
127 70 609
127 71 870
127 94 -120
127 97 -90
127 143 62
127 155 -1
127 160 -262
127 163 -195
128 0 -216
128 15 364
128 23 -546
128 24 -455
128 32 83
128 38 30
128 39 -60
128 42 60
128 63 368
128 66 276
128 69 -783
128 81 -48
128 84 -36
128 111 -132
128 114 -693
128 119 198
128 120 165
129 22 637
129 23 910
129 36 830
129 43 -600
129 90 270
129 112 539
129 118 -231
129 119 -330
129 130 93
129 134 186
129 139 330
129 141 -330
129 156 585
130 9 144
130 12 108
130 21 -819
130 35 83
130 40 166
130 42 -60
130 47 -120
130 51 -40
130 54 -30
130 55 -380
130 59 -828
130 63 570
130 64 475
130 77 108
130 88 -210
130 109 -96
130 117 441
130 118 120
130 123 -33
130 154 -455
131 47 208
131 49 249
131 55 -312
131 56 -440
131 57 644
131 62 -665
131 63 -950
131 74 -870
131 75 -84
131 76 870
131 106 -154
131 116 -168
131 117 -240
131 127 -330
131 143 -124
131 146 -93
131 153 -3
131 157 -6
132 5 -324
132 33 -384
132 41 576
132 42 480
132 46 166
132 47 90
132 53 -120
132 54 364
132 55 520
132 58 87
132 61 855
132 82 60
132 115 216
132 126 -33
132 131 -66
132 148 130
133 3 252
133 26 -910
133 28 910
133 40 -672
133 41 -960
133 45 -70
133 51 -184
133 53 -468
133 62 870
133 69 24
133 122 330
133 124 -330
133 139 279
133 140 -99
133 160 104
134 10 91
134 33 249
134 37 498
134 39 864
134 40 -180
134 44 -360
134 61 87
134 66 174
134 106 -33
134 137 -283
135 14 910
135 39 20
135 66 950
135 68 -950
135 75 261
135 110 -330
135 120 240
135 122 -240
135 162 -9
136 13 91
136 18 182
136 46 -332
136 49 -249
136 50 -95
136 53 240
136 56 180
136 58 -520
136 60 520
136 72 174
136 101 -224
136 104 -24
136 109 303
136 110 280
136 114 -66
136 124 -99
136 128 -198
136 131 62
136 160 7
137 27 273
137 42 52
137 44 960
137 46 -960
137 54 -950
137 108 -632
137 109 -560
137 123 -99
138 24 182
138 28 -96
138 42 747
138 46 520
138 49 -540
138 53 -95
138 58 -190
138 59 261
138 63 522
138 107 480
138 112 -48
138 120 -66
138 137 132
138 140 99
138 154 -2
139 19 -324
139 27 486
139 28 405
139 32 -960
139 40 -581
139 45 52
139 47 420
139 50 104
139 67 -285
139 121 -72
139 140 156
139 148 -234
139 149 -195
139 155 26
140 11 273
140 15 546
140 26 -567
140 27 -810
140 31 -96
140 36 -192
140 59 156
140 64 -190
140 72 -348
140 75 -261
140 82 56
140 90 -84
140 91 -70
140 106 384
140 107 -99
140 111 -198
140 114 -576
140 115 -480
140 118 -48
140 127 56
140 133 -297
140 135 -84
140 136 -70
140 147 273
140 148 390
140 159 260
141 25 729
141 34 166
141 41 -120
141 45 -288
141 56 104
141 89 98
141 90 140
141 100 156
141 108 -234
141 109 -195
141 112 560
141 113 672
141 114 400
141 131 231
141 134 98
141 135 140
141 140 -396
141 146 -351
141 148 594
141 149 495
141 158 26
141 163 52
142 0 36
142 8 -54
142 9 -45
142 24 -364
142 27 -273
142 33 312
142 41 -468
142 42 -582
142 51 -285
142 55 -570
142 68 783
142 88 -126
142 96 -56
142 105 -72
142 107 273
142 108 390
142 109 -144
142 112 -864
142 120 132
142 123 99
142 133 -198
142 141 108
142 142 90
142 147 -693
142 148 -990
143 7 63
143 8 90
143 15 -316
143 23 474
143 24 395
143 40 546
143 41 780
143 43 156
143 47 312
143 49 316
143 57 -474
143 58 -395
143 66 -609
143 100 -560
143 106 -351
143 125 -66
143 140 -126
143 141 -180
143 146 891
144 6 -639
144 7 -465
144 20 819
144 22 -553
144 23 -790
144 29 -288
144 30 810
144 32 -810
144 33 -576
144 39 -702
144 56 553
144 57 790
144 64 380
144 67 285
144 99 -56
144 104 -112
144 116 -297
144 118 96
144 121 72
144 139 162
144 151 -390
144 153 390
145 5 651
145 6 930
145 14 -81
145 18 -637
145 21 711
145 55 -711
145 56 -208
145 59 -156
145 60 174
145 93 -140
145 95 140
145 113 -168
145 114 231
145 117 -960
145 119 960
145 135 39
145 137 200
145 138 -140
145 140 140
145 145 -300
145 146 -250
145 156 78
145 160 156
146 4 -837
146 18 -810
146 42 384
146 45 288
146 60 -855
146 77 14
146 101 96
146 110 -112
146 111 -390
146 113 390
146 114 -216
146 122 14
146 139 390
146 144 350
146 145 500
146 151 990
146 153 -990
147 11 -90
147 12 182
147 13 90
147 17 -81
147 22 -162
147 44 -780
147 46 780
147 52 468
147 58 665
147 81 140
147 95 39
147 105 960
147 108 -66
147 112 168
147 126 140
147 135 -99
147 138 39
147 143 -372
147 144 180
147 146 -180
147 154 -96
147 162 144
147 163 120
148 26 790
148 28 -712
148 31 -243
148 38 -864
148 50 -364
148 60 -790
148 62 790
148 80 14
148 85 28
148 97 -168
148 99 390
148 101 -336
148 104 96
148 109 192
148 125 14
148 127 -284
148 128 -18
148 130 28
148 135 426
148 136 355
148 139 -990
148 152 117
148 161 -168
148 162 -240
149 9 -930
149 10 -79
149 11 930
149 20 128
149 28 -354
149 29 -160
149 32 780
149 36 672
149 44 79
149 52 -190
149 94 42
149 98 39
149 103 78
149 106 -48
149 118 288
149 132 -180
149 134 -497
149 135 -710
149 138 -99
149 139 42
149 143 -198
149 149 78
149 160 216
150 3 18
150 14 -790
150 27 224
150 28 320
150 31 78
150 36 156
150 44 104
150 48 790
150 49 -20
150 57 30
150 58 25
150 91 28
150 110 224
150 112 117
150 113 168
150 115 192
150 131 -18
150 133 639
150 136 -8
150 148 -500
150 150 500
150 152 -297
150 163 -182
151 12 27
151 13 -79
151 15 -243
151 18 -158
151 19 -486
151 26 -288
151 30 -192
151 45 234
151 47 79
151 52 158
151 56 -35
151 57 -50
151 109 78
151 132 50
151 136 117
151 140 234
151 145 -54
151 149 -198
152 1 186
152 9 18
152 27 -237
152 42 156
152 55 45
152 61 237
152 78 42
152 79 -188
152 82 84
152 87 282
152 88 235
152 102 288
152 106 72
152 123 42
152 127 84
152 136 500
152 142 -36
152 152 292
152 157 52
152 160 -438
152 161 -365
153 10 279
153 24 -158
153 28 324
153 31 243
153 58 158
153 86 -329
153 87 -470
153 96 117
153 100 614
153 104 392
153 108 -570
153 109 -475
153 135 50
153 136 -297
153 138 710
153 140 -1204
153 149 -180
153 152 -117
153 159 511
153 160 730
154 0 54
154 7 186
154 29 234
154 31 -320
154 33 788
154 85 423
154 91 -56
154 94 -42
154 107 665
154 108 950
154 115 -384
154 118 -288
154 122 -71
154 129 -54
154 133 -108
154 136 -56
154 139 -42
154 149 150
154 153 -240
154 158 -657
155 11 -237
155 15 -442
155 24 -729
155 45 237
155 49 474
155 60 50
155 62 -50
155 98 -112
155 106 -855
155 109 -156
155 112 -117
155 126 -710
155 145 351
155 146 100
155 149 396
155 152 273
155 157 -48
156 9 -36
156 12 -27
156 19 320
156 22 567
156 39 -384
156 42 -312
156 44 -5
156 45 -234
156 47 576
156 48 480
156 70 -292
156 78 438
156 79 365
156 87 126
156 111 864
156 125 -71
156 130 -142
156 132 126
156 142 72
156 143 -273
156 145 54
157 18 32
157 23 64
157 24 316
157 27 237
157 46 -672
157 47 -960
157 48 -50
157 58 -316
157 61 -237
157 77 -511
157 78 -730
157 85 -98
157 90 470
157 92 -470
157 105 351
157 109 -672
157 130 -98
157 133 150
157 137 300
157 139 -213
157 145 -891
157 163 -778
158 3 -240
158 5 81
158 7 -372
158 10 -279
158 11 360
158 12 300
158 16 -162
158 32 96
158 38 702
158 45 864
158 47 -5
158 52 -10
158 74 -47
158 76 657
158 103 -273
158 111 -950
158 113 950
158 136 -142
158 137 78
158 138 -162
158 143 693
158 147 73
159 3 -63
159 10 -420
159 11 -600
159 20 -711
159 29 64
159 36 -546
159 54 711
159 61 -15
159 68 -324
159 76 486
159 77 405
159 78 -470
159 79 28
159 95 95
159 103 192
159 124 28
159 136 126
159 146 -200
159 149 -150
159 150 -72
159 151 730
159 154 -144
160 3 837
160 5 204
160 6 170
160 9 540
160 18 553
160 52 -553
160 58 -10
160 75 -567
160 76 -810
160 77 -47
160 82 -94
160 97 78
160 99 950
160 123 -213
160 127 -426
160 137 -198
160 150 73
160 155 146
161 1 -651
161 4 -238
161 5 -340
161 16 96
161 20 192
161 30 156
161 50 960
161 52 -960
161 74 729
161 81 730
161 83 -730
161 91 -141
161 98 95
161 103 190
161 130 -36
161 142 450
161 163 96
161 164 219
162 3 306
162 12 -158
162 34 -96
162 45 -15
162 46 158
162 49 -30
162 65 -73
162 88 -94
162 96 -360
162 104 540
162 105 450
162 112 285
162 136 284
162 139 213
162 140 -350
162 161 146
163 14 600
163 16 -600
163 29 -128
163 32 -96
163 38 -960
163 69 -730
163 103 -630
163 104 -900
163 109 190
163 159 -216
164 37 -96
164 42 -192
164 58 20
164 61 15
164 68 -73
164 73 -146
164 75 -141
164 79 528
164 81 -810
164 88 -356
164 96 534
164 97 445
164 102 810
164 130 -248
164 132 -639
164 134 100
164 138 372
164 139 310
164 148 219
164 152 438
164 157 168
165 0 -316
165 2 -600
165 8 814
165 9 395
165 10 -340
165 25 288
165 51 -288
165 63 -81
165 82 -219
165 95 -623
165 96 -605
165 100 570
165 130 497
165 137 -434
165 138 -620
166 1 -60
166 6 -120
166 7 -553
166 8 -790
166 23 -224
166 48 -192
166 54 -45
166 63 32
166 67 -810
166 71 -48
166 72 -40
166 79 -146
166 88 188
166 91 141
166 94 801
166 136 558
166 151 -48
166 161 -292
166 164 -219
167 6 711
167 15 -180
167 52 35
167 66 -81
167 70 56
167 71 -82
167 107 900
167 109 -1280
167 112 -285
167 117 -132
167 124 -142
167 125 198
167 126 165
168 0 -68
168 10 -212
168 12 -120
168 17 64
168 18 318
168 19 265
168 35 -288
168 39 -576
168 66 -219
168 69 -72
168 70 -438
168 80 -243
168 84 -423
168 91 -90
168 124 -231
168 125 -330
168 157 657
169 9 -102
169 17 -371
169 18 -530
169 46 -10
169 77 -162
169 82 329
169 95 -900
169 99 890
169 101 -890
169 105 855
169 123 297
169 141 620
169 143 -620
169 155 -511
170 3 -360
170 4 324
170 5 270
170 6 -68
170 11 790
170 13 -790
170 16 477
170 48 384
170 51 288
170 79 292
170 82 219
170 83 -89
170 94 -90
170 99 -180
170 103 -665
170 125 -62
171 3 -378
171 4 -540
171 64 -243
171 68 -486
171 74 -80
171 76 -14
171 87 -890
171 108 -270
171 129 -620
171 149 -202
171 157 522
171 158 435
172 2 486
172 12 240
172 15 180
172 44 -864
172 58 8
172 75 -657
172 86 -89
172 91 -178
172 97 190
172 105 -180
172 128 268
172 130 -330
172 133 -124
172 156 -609
172 157 -870
173 3 -158
173 21 530
173 23 -530
173 42 672
173 62 80
173 73 511
173 77 324
173 80 243
173 100 -267
173 112 -33
173 142 -186
173 155 783
174 5 -53
174 6 136
174 8 -540
174 9 102
174 12 -237
174 61 8
174 66 16
174 92 -270
174 96 -540
174 97 -178
174 116 -330
174 139 -124
174 140 -16
174 148 24
174 149 20
175 6 420
175 7 540
175 9 -1228
175 36 -192
175 67 -146
175 73 -729
175 75 24
175 115 -33
175 120 -66
175 147 -28
175 148 -40
176 2 -306
176 8 -53
176 13 -106
176 71 567
176 72 16
176 84 -267
176 88 -534
176 105 360
176 108 270
176 126 -186
176 129 -99
176 130 -372
176 146 36
176 160 870
176 162 -870
177 0 -356
177 22 -159
177 99 168
177 107 -252
177 108 -210
177 126 -66
177 144 -87
178 19 -106
178 45 352
178 53 -528
178 54 -440
178 59 24
178 63 48
178 65 -162
178 82 -300
178 90 450
178 91 375
178 97 356
178 100 267
178 101 -810
178 106 294
178 107 420
178 139 248
178 142 186
178 148 -870
178 151 192
178 159 -288
178 160 -240
179 8 -162
179 9 316
179 12 237
179 52 616
179 53 880
179 89 -525
179 90 -750
179 99 630
179 105 -378
179 113 -99
179 117 -198
179 147 -87
179 151 40
179 152 -174
179 153 -40
179 158 336
179 159 480
180 5 -108
180 6 -159
180 10 -318
180 17 -388
180 25 582
180 26 485
180 51 -792
180 72 -32
180 75 -24
180 83 360
180 88 675
180 91 -540
180 92 -450
180 93 -801
180 135 -562
180 157 -432
180 161 -261
181 5 -711
181 24 -679
181 25 -970
181 90 630
181 91 1523
181 93 -180
181 126 132
181 129 99
181 133 434
181 139 -40
181 158 -174
182 3 553
182 19 212
182 22 159
182 23 873
182 68 72
182 89 -810
182 110 -420
182 112 420
182 138 -4
182 143 -8
183 56 -880
183 58 880
183 66 -56
183 85 -178
183 93 750
183 94 42
183 95 -750
183 122 -297
183 127 -124
183 145 -261
183 149 -522
183 152 -12
183 162 -480
183 164 480
184 5 216
184 8 162
184 11 -220
184 15 -477
184 19 330
184 20 275
184 40 88
184 77 -75
184 98 420
184 120 231
184 146 48
184 149 -8
185 13 371
185 18 -385
185 19 -550
185 28 970
185 30 -970
185 44 880
185 60 16
185 81 -750
185 94 -900
185 96 900
185 97 42
185 102 84
185 150 480
185 158 348
185 161 261
186 1 -486
186 12 -97
186 17 495
186 43 88
186 48 176
186 78 90
186 80 -75
186 85 -150
186 111 126
186 114 -66
186 136 -12
186 140 -24
186 149 48
186 154 96
187 7 -106
187 16 -970
187 57 264
187 82 900
187 94 -225
187 108 84
187 154 -783
187 163 144
188 15 -97
188 20 -194
188 54 176
188 81 90
188 86 180
188 91 -150
188 149 16
188 152 621
188 160 96
189 22 550
189 24 -550
189 29 -291
189 95 396
189 99 252
190 6 -55
190 26 -194
190 41 264
190 45 528
190 78 -225
190 82 -450
190 92 180
190 145 -36
190 146 -174
190 147 144
190 151 288
191 10 -550
191 108 -168
191 111 -126
191 143 28
192 9 -55
192 13 -291
192 14 -110
192 17 -582
192 54 -352
192 57 -264
192 79 270
192 83 540
192 91 300
192 94 225
192 160 -192
192 163 -144
193 23 -165
193 104 378
193 137 -8
194 20 -110
194 26 388
194 29 291
194 50 792
194 87 -675
194 92 -360
194 95 -270
194 102 -294
194 156 432
103 168 967
0 130 476
0 135 162
0 139 -73
0 140 -18
0 144 -365
1 95 117
1 100 -13
1 117 518
1 125 -680
1 134 -219
1 138 18
1 140 -272
1 143 90
1 145 -584
2 22 140
2 98 13
2 103 65
2 112 -740
2 119 686
2 127 -296
2 133 54
2 144 144
3 17 -200
3 32 -80
3 62 -546
3 93 39
3 104 104
3 114 -980
3 129 -392
3 135 -292
4 57 780
4 72 312
4 134 72
5 25 -54
5 30 6
5 94 52
5 130 340
5 134 -738
5 139 82
5 163 -648
6 10 675
6 15 -75
6 28 -6
6 33 -30
6 41 378
6 46 -42
6 117 370
6 137 -82
6 139 544
6 142 -410
6 166 -72
7 13 75
7 18 375
7 22 100
7 23 -18
7 34 -48
7 44 42
7 49 210
7 119 490
7 126 592
7 132 -246
7 134 -565
7 139 6
7 143 -656
7 161 -216
8 8 225
8 19 600
8 31 160
8 39 126
8 50 336
8 62 -390
8 128 784
8 129 730
8 133 126
8 137 -6
8 138 -567
8 142 -30
8 143 -549
8 144 292
9 24 -24
9 71 -624
9 93 91
9 128 -180
9 130 -666
9 131 136
9 132 -18
9 133 -328
9 141 -63
9 143 -120
9 146 -315
9 162 -288
10 9 300
10 35 -180
10 40 168
10 88 -130
10 103 -52
10 118 148
10 132 -882
10 136 -189
10 147 -504
11 23 40
11 75 702
11 120 196
11 133 -24
12 63 -156
12 134 -365
12 137 -252
13 23 -42
13 31 639
13 36 -71
13 97 270
13 102 -30
13 109 -810
13 114 90
13 132 -574
13 133 90
13 143 -584
13 161 -504
14 8 525
14 18 60
14 33 24
14 34 71
14 39 649
14 93 65
14 100 30
14 105 150
14 112 -90
14 117 -450
14 127 820
14 142 472
14 156 720
15 3 -750
15 18 -300
15 29 213
15 34 -420
15 40 568
15 49 -168
15 95 90
15 102 104
15 106 240
15 107 -270
15 118 -720
15 132 -42
15 147 657
16 13 450
16 18 -50
16 127 60
16 135 -146
16 136 -441
16 142 24
16 146 -162
17 16 50
17 21 250
17 30 284
17 96 120
17 106 -117
17 108 -360
17 131 630
17 134 36
17 146 252
18 11 150
18 22 400
18 23 -30
18 94 26
18 132 -410
18 161 -360
19 8 375
19 32 -48
19 39 210
19 77 63
19 82 -7
19 141 -656
20 12 200
20 17 600
20 48 336
20 80 7
20 85 35
20 98 702
20 103 -78
20 132 -30
21 29 497
21 36 54
21 75 21
21 76 576
21 81 -64
21 86 56
21 95 210
21 101 78
21 106 390
21 107 -630
21 136 -315
21 141 -48
21 145 738
22 21 -675
22 24 -722
22 39 -284
22 52 -378
22 79 64
22 84 320
22 90 -300
22 96 234
22 102 900
22 103 -54
22 105 -120
22 107 624
22 108 6
22 117 360
22 133 -164
22 145 -504
22 162 -144
23 9 150
23 40 84
23 74 192
23 76 28
23 85 512
23 106 -6
23 111 -30
23 145 54
24 11 350
24 97 312
24 101 -18
24 112 -48
24 113 -288
24 118 32
24 133 -12
24 149 567
25 6 -500
25 21 -200
25 75 256
25 116 -32
25 121 -160
25 137 -126
26 29 355
26 95 150
26 102 -24
26 107 -450
26 111 -96
26 122 -256
27 38 568
27 75 49
27 104 240
27 116 -720
28 41 -675
28 46 75
28 70 -70
28 85 -28
28 96 546
28 112 -128
29 11 250
29 42 -639
29 44 -75
29 49 -375
29 74 448
29 91 -780
29 106 -312
29 108 -270
29 120 810
30 20 400
30 30 142
30 32 -297
30 37 33
30 39 -225
30 50 -600
30 69 -640
30 84 -256
30 96 60
30 101 -42
30 108 -180
31 35 -33
31 40 -165
31 96 60
31 111 24
32 24 -450
32 30 -99
32 40 -300
32 41 -264
32 75 35
32 111 -224
33 12 100
33 84 56
33 96 390
33 106 320
33 121 128
33 133 -81
33 138 9
33 154 -450
33 159 50
34 31 -132
34 74 320
34 105 624
34 136 -9
34 141 -45
34 157 -50
34 162 -250
35 83 512
35 88 -63
35 101 -30
35 131 -27
35 142 -72
35 152 -150
35 163 -400
36 39 -525
36 76 14
36 109 -702
36 110 -48
37 34 750
37 49 300
37 87 -576
37 97 156
37 111 -160
37 132 -36
37 153 -200
38 30 -231
38 75 128
38 114 54
38 120 -256
39 25 330
39 40 132
39 102 -12
39 141 -189
39 146 21
40 20 -711
40 25 79
40 27 -756
40 32 84
40 124 288
40 144 -21
40 149 -105
41 23 -79
41 28 -395
41 30 -84
41 35 -420
41 39 -375
41 76 594
41 81 -66
41 112 -64
41 131 -63
41 139 -63
41 150 -168
41 152 -350
42 18 -237
42 25 -252
42 29 -632
42 36 -672
42 48 -600
42 79 66
42 84 330
42 126 90
42 141 36
42 147 500
42 162 200
43 30 -165
43 74 198
43 85 528
43 140 -84
44 19 -316
44 26 -336
44 39 -264
44 52 675
45 40 -150
45 75 264
45 110 -441
45 115 49
46 43 297
46 113 -49
46 118 -245
46 131 -45
46 152 -250
47 31 -66
47 91 882
47 96 -98
47 108 -147
47 119 -392
47 127 9
47 132 -1
47 139 -147
47 140 -72
47 161 -400
48 18 -553
48 25 -588
48 71 279
48 76 -31
48 94 98
48 99 490
48 130 1
48 134 210
48 135 5
48 149 84
49 13 790
49 20 840
49 28 316
49 35 336
49 74 493
49 79 155
49 89 294
49 100 784
49 109 -196
49 125 3
49 136 8
49 144 81
49 165 450
50 29 -639
50 34 71
50 69 -567
50 80 248
50 84 -264
50 132 -18
50 153 -100
51 32 -71
51 37 -355
51 59 -216
51 64 24
51 90 392
51 113 171
51 115 -648
51 118 -19
51 120 72
51 126 4
51 142 612
51 147 -68
52 27 -213
52 38 -568
52 62 -24
52 67 -120
52 70 124
52 116 19
52 118 -72
52 121 95
52 123 -360
52 139 -105
52 145 68
52 150 340
53 18 -395
53 25 -420
53 57 -72
53 68 -192
53 108 -343
53 111 57
53 113 -216
53 122 152
53 124 -576
53 135 -234
53 140 230
53 148 -168
53 151 544
54 27 -632
54 28 -284
54 34 -672
54 74 330
54 103 490
54 118 196
54 138 -26
54 143 -130
55 58 -96
55 83 528
55 89 686
55 112 76
55 114 -288
55 125 7
55 133 -78
55 141 272
55 144 -208
55 152 189
56 31 711
56 38 756
56 69 217
56 84 -980
56 99 -392
56 120 -10
56 135 -4
56 140 -42
57 19 -158
57 26 -168
57 64 -310
57 79 -124
57 87 -594
57 134 -104
57 143 -684
57 148 76
58 27 -497
58 75 132
58 108 -245
58 146 -76
58 151 -380
58 152 -693
58 157 77
59 22 710
59 37 284
59 57 -168
59 111 133
59 113 -504
59 117 -392
59 140 476
59 141 -228
59 152 -608
59 155 -77
59 160 -385
60 52 240
60 67 96
60 89 490
60 106 -190
60 108 720
60 118 792
60 121 -76
60 123 200
60 125 5
60 135 -680
60 150 -503
60 161 -616
61 69 155
61 98 784
61 121 529
61 126 440
61 133 -182
61 134 8
61 142 -304
62 23 567
62 27 558
62 28 -63
62 32 -62
62 78 248
62 109 -98
62 116 264
62 127 704
62 128 260
62 143 104
62 151 -308
63 26 63
63 27 -355
63 30 62
63 31 315
63 35 310
63 95 -540
63 100 60
63 102 -882
63 138 -9
64 21 189
64 25 186
64 32 504
64 36 -72
64 57 -120
64 82 -279
64 90 196
64 98 -60
64 103 -300
64 111 95
64 113 -360
64 117 352
64 126 2
64 140 340
65 66 -192
65 70 62
65 77 639
65 82 -71
65 93 -180
65 104 -480
65 120 152
65 122 -576
65 141 -532
65 149 544
66 22 252
66 26 248
66 40 639
66 60 135
66 65 -15
66 80 71
66 85 355
66 133 -130
66 136 760
66 137 387
66 142 -43
66 150 -539
66 151 304
67 28 -142
67 63 15
67 68 75
67 70 216
67 75 213
67 86 568
67 94 -240
67 124 -171
67 126 648
67 140 43
67 142 -208
67 145 985
67 153 -612
67 160 308
68 10 -792
68 15 88
68 58 -3
68 69 120
68 112 38
68 114 -144
68 116 616
68 135 129
68 141 136
68 146 344
68 162 540
68 167 -60
69 13 -88
69 18 -440
69 76 284
69 111 -880
69 126 -352
69 146 234
69 165 60
70 8 -264
70 19 -704
70 21 441
70 25 434
70 59 60
70 60 900
70 65 -100
70 122 144
70 127 -16
70 134 -52
70 136 172
70 137 171
70 141 -380
70 142 -19
70 160 180
71 16 -630
71 20 -620
71 31 -252
71 35 -248
71 63 100
71 68 500
71 93 -420
71 125 16
71 130 80
71 140 19
71 145 95
71 150 -993
72 9 -352
72 58 300
72 69 800
72 88 600
72 103 240
72 120 48
72 131 128
72 135 57
72 146 152
72 159 -616
72 161 240
73 75 497
73 86 -504
73 91 56
73 116 440
73 154 684
73 163 -63
74 11 531
74 16 -59
74 58 105
74 59 400
74 70 -710
74 85 -284
74 89 -56
74 94 -280
74 121 64
74 125 704
74 135 301
74 136 76
74 142 -152
74 163 693
74 166 -7
75 1 -846
75 6 886
75 11 -88
75 14 59
75 19 295
75 21 315
75 23 702
75 25 310
75 28 -78
75 53 -150
75 68 -60
75 84 -168
75 95 -448
75 130 -430
75 145 -172
75 151 -154
75 161 -21
76 4 -94
76 8 -616
76 9 -205
76 14 440
76 20 472
76 26 78
76 30 504
76 31 390
76 34 496
76 93 -300
76 116 -63
76 121 7
76 129 -792
76 160 420
77 3 880
77 4 264
77 10 -752
77 15 704
77 18 352
77 21 234
77 32 624
77 85 -224
77 99 225
77 102 -480
77 104 -25
77 117 176
77 119 -7
77 124 -35
77 155 -600
77 162 -28
78 10 236
78 34 -567
78 38 -558
78 58 700
78 75 355
78 102 25
78 107 125
78 109 405
78 114 -66
78 120 112
78 125 -56
78 135 133
79 0 -376
79 4 58
79 5 352
79 22 438
79 26 124
79 53 -1000
79 58 75
79 68 -400
79 84 568
79 97 75
79 106 540
79 108 200
79 112 45
79 115 -160
79 117 225
79 130 -254
79 135 215
79 145 -76
80 2 -58
80 7 -290
80 16 -792
80 21 88
80 67 120
80 94 -120
80 107 135
80 113 639
80 115 -28
80 118 289
80 144 344
81 8 -904
81 19 -88
81 24 -440
81 84 -392
81 88 -639
81 98 100
81 116 71
81 121 355
81 160 300
81 161 -49
82 9 413
82 14 -264
82 17 -704
82 25 -704
82 71 -135
82 76 88
82 79 560
82 81 6
82 94 224
82 108 180
82 111 213
82 122 568
82 148 -387
82 156 70
83 4 26
83 18 810
83 19 -236
83 21 546
83 23 -90
83 58 500
83 59 30
83 79 -6
83 84 -30
83 120 80
83 135 95
83 136 86
83 145 -423
83 150 47
84 9 376
84 14 -352
84 15 -352
84 16 -780
84 21 882
84 26 450
84 31 -312
84 67 800
84 74 -18
84 85 -48
84 112 284
84 114 -49
84 129 128
84 144 152
84 148 -47
84 153 -235
85 9 -176
85 16 270
85 27 720
85 66 -549
85 71 61
85 97 175
85 109 70
85 124 28
85 143 -141
85 154 -376
85 161 120
86 64 -315
86 69 -26
86 71 -900
86 74 -305
86 75 -24
86 84 -280
86 92 -250
86 107 215
86 133 -144
86 148 -171
86 161 -35
87 9 295
87 17 360
87 59 200
87 64 -183
87 67 -35
87 72 -175
87 75 -488
87 93 -448
87 102 -450
87 117 -180
87 121 32
87 136 38
87 144 -188
88 4 440
88 7 232
88 14 -616
88 18 472
88 21 390
88 62 -105
88 73 -280
88 101 -162
88 106 18
88 111 497
88 136 342
88 141 -38
89 8 -752
89 9 880
89 13 704
89 24 352
89 30 624
89 65 -244
89 97 504
89 104 -18
89 106 -710
89 109 -90
89 114 -35
89 121 -284
89 139 38
89 144 190
90 22 -531
90 63 -140
90 74 -42
90 85 -112
90 97 125
90 99 -54
90 110 -144
90 123 -56
90 134 114
90 145 304
90 162 -14
91 10 118
91 12 846
91 16 630
91 17 -792
91 34 -702
91 69 60
91 84 24
91 106 200
91 107 225
91 115 729
91 120 -81
91 143 -329
92 0 -188
92 5 176
92 11 -900
92 22 156
92 26 -360
92 100 -72
92 116 360
92 118 81
92 123 405
92 127 63
92 135 152
92 138 470
92 153 188
93 6 -464
93 14 -440
93 64 -427
93 110 -225
93 111 355
93 113 243
93 115 -14
93 124 648
94 23 -704
94 59 610
94 62 -245
94 74 244
94 87 135
94 92 -15
94 98 50
94 120 163
95 10 522
95 57 350
95 72 140
95 74 -30
95 90 15
95 95 75
95 108 90
95 114 324
96 16 450
96 27 792
96 83 -48
96 85 45
96 96 120
96 99 -126
96 124 -639
96 134 266
96 143 -235
97 15 -176
97 25 720
97 94 180
97 109 72
97 112 142
97 129 -380
97 144 -152
97 152 -376
98 64 -305
98 86 60
98 87 54
99 29 -810
99 62 -175
99 73 -488
99 75 -12
99 113 567
99 156 423
100 17 180
100 71 -280
100 108 -810
100 123 -324
100 144 -94
101 77 549
101 99 -90
101 134 190
102 65 -122
102 75 315
102 85 105
102 108 -144
102 143 304
134 127 1397
0 1 90
0 9 150
0 23 -330
0 28 -420
0 92 -594
0 104 -222
0 117 336
0 120 -876
1 45 -248
1 52 -279
1 104 495
2 5 150
2 10 -75
2 13 335
2 18 560
2 20 495
2 25 630
2 54 62
2 74 -102
2 82 -170
2 94 296
2 101 333
2 119 582
3 8 -75
3 22 -110
3 27 -140
3 44 186
3 103 -74
3 104 -120
3 112 -200
4 8 -120
4 11 15
4 12 -330
4 17 -420
4 56 -155
4 78 -170
4 83 85
4 86 119
4 88 594
4 93 -222
4 96 990
4 113 -336
4 121 -560
5 10 -90
5 24 275
5 29 350
5 81 85
5 105 185
5 108 -200
5 113 100
5 116 140
6 81 136
6 83 264
6 84 -17
6 92 990
6 94 150
6 97 -495
6 100 -693
6 111 100
6 115 -582
6 117 -560
6 122 280
6 123 -970
6 125 392
7 9 -60
7 40 -186
7 48 -310
7 79 492
7 83 102
7 95 -495
7 111 160
7 114 -20
7 120 280
8 8 330
8 12 -60
8 13 420
8 16 550
8 21 700
8 73 -352
8 80 -396
8 84 -200
8 86 504
8 89 222
8 91 -225
8 95 -792
8 97 370
8 98 99
8 113 120
8 119 -970
8 120 448
8 123 -56
8 124 485
9 44 -310
9 49 155
9 52 217
9 69 -656
9 76 -738
9 82 156
9 93 50
9 96 246
9 97 -594
9 119 66
9 122 821
10 12 550
10 17 425
10 20 -385
10 22 -350
10 25 -490
10 47 155
10 72 264
10 76 -672
10 78 164
10 83 -606
10 85 68
10 93 370
10 98 -185
10 101 -259
10 112 80
10 122 776
10 125 -97
11 15 -275
11 20 -350
11 47 248
11 50 -31
11 68 492
11 84 -220
11 85 168
11 86 -328
11 93 -369
11 95 -125
11 96 -581
11 109 -88
11 115 80
11 116 -99
11 121 224
11 124 582
12 15 -440
12 18 55
12 20 -560
12 23 70
12 49 186
12 75 504
12 80 -410
12 95 82
12 96 -296
12 99 -359
12 118 22
12 124 224
13 17 -330
13 22 -420
13 85 246
13 87 -420
13 98 -222
13 108 66
13 123 388
14 48 124
14 68 -264
14 76 -440
14 79 -150
14 87 -250
14 97 -205
14 120 -55
14 126 388
15 16 -220
15 21 -280
15 47 -144
15 51 124
15 64 -492
15 72 -820
15 97 -148
16 19 -220
16 24 -280
16 70 -498
16 71 -504
16 72 -440
16 77 220
16 79 -840
16 80 308
16 83 -250
16 88 125
16 91 175
16 100 -148
17 37 192
17 44 216
17 68 -820
17 73 410
17 75 220
17 76 574
17 81 -246
17 86 125
17 89 -410
17 104 -66
17 112 -110
18 30 552
18 46 -48
18 60 664
18 67 747
18 71 410
18 75 -488
18 78 -44
18 80 420
18 83 588
18 86 200
18 89 -25
19 36 -144
19 69 -166
19 70 420
19 71 656
19 74 -82
19 77 264
19 78 420
19 85 -410
19 88 150
19 90 205
19 93 287
19 108 -110
19 113 55
19 116 77
20 10 54
20 20 -736
20 27 -828
20 48 120
20 59 -498
20 73 492
20 78 672
20 81 -84
20 88 205
20 105 -6
20 108 -6
20 111 55
21 29 184
21 60 -560
21 67 -630
21 71 415
21 76 176
21 80 504
21 87 100
21 88 328
21 91 -41
21 111 88
21 114 -11
22 0 -72
22 7 -81
22 19 552
22 69 140
22 72 328
22 79 176
22 90 346
22 95 8
22 98 8
22 102 9
22 105 9
22 113 66
23 9 18
23 31 -460
23 32 144
23 40 240
23 59 420
23 75 328
23 79 336
23 104 -2
23 107 -2
24 55 498
24 63 830
24 71 -350
24 82 336
24 89 164
24 94 -6
24 97 -6
24 112 44
25 11 -45
25 36 240
25 41 -120
25 44 -168
25 92 164
25 94 114
25 106 5
25 109 5
25 115 44
26 15 -552
26 23 -920
26 39 -120
26 59 830
26 64 -415
26 67 -581
27 39 -192
27 42 24
27 55 -420
27 62 -415
27 63 -700
27 80 450
27 84 -152
27 91 -171
27 110 324
28 3 -90
28 19 -920
28 24 460
28 27 644
28 41 -144
28 62 -664
28 65 83
28 90 6
28 93 44
28 98 10
28 101 10
29 22 460
29 59 -700
29 64 -148
29 67 490
29 70 -600
29 77 -675
29 83 114
29 100 -432
29 107 -486
30 4 45
30 7 63
30 21 -432
30 22 736
30 25 -92
30 40 -96
30 62 350
30 79 150
30 94 10
30 95 -95
30 97 10
30 99 -5
30 102 -12
30 105 -7
30 109 108
31 2 45
31 24 552
31 43 -96
31 62 560
31 63 -332
31 65 -70
31 69 450
31 97 -5
31 99 324
31 100 -5
32 2 72
32 5 -9
32 11 576
32 18 648
32 64 420
32 66 -332
32 81 -375
32 84 -516
32 97 -8
32 100 -7
32 103 1
32 111 -270
33 4 54
33 20 -144
33 23 368
33 79 -114
33 87 -190
33 99 -6
33 102 -6
34 10 -432
34 26 368
34 63 280
34 74 688
34 81 774
34 104 102
35 3 36
35 22 360
35 65 -450
35 66 280
35 73 -750
35 83 -362
35 88 95
35 91 133
35 95 -324
35 98 -4
35 101 -4
35 103 -540
35 122 126
36 6 36
36 63 -396
36 73 -516
36 85 108
36 86 95
36 94 -136
36 101 -157
36 104 -4
37 69 -750
37 74 375
37 77 525
37 85 430
37 86 152
37 89 -19
37 99 -540
37 103 34
37 104 270
37 107 378
37 112 -168
37 119 -189
38 6 432
38 14 720
38 53 528
38 60 594
38 72 375
38 75 -144
38 82 -162
38 88 114
38 93 102
38 102 270
38 121 42
39 62 -132
39 72 600
39 75 -75
39 84 36
39 102 432
39 105 -139
39 111 126
40 10 720
40 15 -360
40 18 -504
40 52 -396
40 69 516
40 74 558
40 77 860
40 87 76
40 104 324
40 123 -105
41 13 -360
41 64 330
41 86 -90
41 90 76
42 13 -576
42 14 -54
42 16 72
42 73 1160
42 78 -430
42 81 -602
42 89 -102
42 97 -170
42 103 216
43 15 -432
43 76 -130
43 88 228
43 106 216
43 107 -126
43 115 -210
44 4 72
44 11 81
44 26 -426
44 48 396
44 56 660
44 70 -108
44 76 -688
44 78 -180
44 79 86
44 93 -170
44 98 85
44 101 119
44 103 228
45 13 -18
45 14 -288
45 24 432
45 78 -820
45 85 -342
45 96 85
45 111 -210
45 116 105
45 119 147
46 3 -54
46 16 568
46 17 -288
46 23 639
46 52 660
46 57 -330
46 60 -462
46 74 -180
46 79 90
46 82 -6
46 87 76
46 93 -304
46 96 136
46 99 -17
46 100 -342
46 114 105
47 14 -576
47 15 45
47 21 -648
47 25 -142
47 55 -330
47 77 -26
47 98 102
47 102 76
47 114 168
47 117 -21
48 15 120
48 23 144
48 55 -528
48 58 66
48 72 176
48 77 144
48 79 198
48 80 -362
48 89 -190
48 92 228
48 97 162
48 116 126
49 13 432
49 27 355
49 29 -522
49 57 -396
49 67 186
49 79 108
49 81 -44
49 97 68
49 104 -190
50 5 -728
50 7 90
50 12 -819
50 25 -360
50 71 -132
50 87 -216
50 94 -243
50 100 68
50 115 84
51 14 182
51 19 696
51 26 783
51 56 -264
51 57 -248
51 64 -279
51 73 -228
51 78 72
51 81 -380
51 83 110
51 96 54
51 118 84
52 3 90
52 4 546
52 8 -45
52 11 363
52 19 710
52 28 -174
52 50 150
52 59 -264
52 66 62
52 81 72
52 86 162
52 88 -228
52 96 -380
53 6 -45
53 9 -432
53 16 -59
53 17 -720
53 18 -522
53 56 186
53 77 -380
53 82 190
53 85 266
53 98 -135
54 6 -72
54 9 9
54 15 710
54 20 -355
54 23 -497
54 30 435
54 40 -200
54 47 -225
54 67 132
54 68 235
54 75 220
54 80 190
54 92 -380
54 97 190
54 100 266
55 6 -528
55 8 -54
55 13 -1314
55 18 5
55 21 504
55 49 50
55 80 304
55 83 -38
55 95 190
56 0 -546
56 8 -910
56 15 132
56 16 360
56 18 -568
56 21 71
56 39 150
56 58 -520
56 65 -585
56 66 -108
56 71 220
56 76 -110
56 79 -154
56 82 66
56 90 -270
56 95 304
56 98 -38
56 104 -132
57 5 396
57 7 -36
57 14 522
57 16 576
57 19 -72
57 20 -426
57 22 870
57 51 -125
57 52 -186
57 60 -310
57 67 526
57 74 -110
57 97 228
58 4 -910
58 9 455
58 10 -36
58 12 637
58 17 -330
58 18 432
58 56 144
58 57 390
58 63 162
58 74 -176
58 77 22
58 81 152
58 86 -270
58 91 135
58 94 365
58 101 198
59 7 455
59 18 870
59 19 -284
59 23 -435
59 26 -609
59 56 -310
59 57 -528
59 61 155
59 64 -377
59 65 -36
59 69 -325
59 76 -132
59 84 152
59 89 135
59 96 152
59 103 -44
60 7 728
60 10 -91
60 17 288
60 21 -435
60 22 -284
60 35 -150
60 43 -250
60 55 -108
60 59 155
60 66 132
60 89 216
60 92 -27
60 93 -132
60 99 152
61 1 -396
61 9 -114
61 20 288
61 21 -696
61 24 87
61 56 396
61 59 248
61 62 -31
61 67 90
61 75 -88
61 91 162
61 105 110
62 23 -522
62 39 -250
62 44 125
62 47 193
62 53 -390
62 61 -464
62 68 -330
62 78 278
63 5 -660
63 8 364
63 10 330
63 13 1062
63 15 258
63 30 -162
63 42 125
63 84 -198
63 90 108
64 8 330
64 11 364
64 22 -348
64 37 -24
64 42 200
64 44 -27
64 45 -25
64 51 108
64 57 -650
64 59 180
64 60 124
64 62 325
64 65 455
64 68 -488
64 75 -549
64 89 132
64 93 108
64 97 220
65 3 -800
65 5 -344
65 8 528
65 10 -900
65 11 -66
65 12 -387
65 20 216
65 25 -348
65 27 243
65 44 150
65 45 18
65 46 6
65 52 -396
65 60 -335
65 63 124
65 74 264
65 77 122
65 81 297
65 106 -402
66 10 396
66 12 200
66 14 86
66 29 -54
66 36 18
66 55 180
66 60 430
66 63 -191
66 67 366
66 83 -66
66 93 220
66 98 -110
66 101 -154
67 2 600
67 4 258
67 19 -162
67 35 78
67 42 -27
67 43 100
67 48 -15
67 56 -660
67 58 -90
67 61 330
67 62 390
67 64 462
67 73 -198
67 79 -305
67 96 426
67 103 603
68 9 264
68 14 -1082
68 16 -215
68 31 135
68 44 6
68 46 100
68 58 -144
68 59 330
68 61 18
68 85 165
68 96 -176
68 99 22
68 105 -134
69 12 264
69 25 -136
69 32 -153
69 34 18
69 59 528
69 60 -108
69 61 260
69 62 -66
69 95 -402
69 98 -132
70 4 776
70 11 873
70 32 -18
70 34 34
70 40 -30
70 46 -15
70 61 396
70 63 -366
70 64 260
70 71 -610
70 107 335
71 0 -258
71 6 -1000
71 8 -430
71 13 -194
71 15 162
71 23 270
71 24 102
71 59 -72
71 69 198
71 77 330
71 96 -66
71 97 -88
72 3 -582
72 36 -115
72 41 15
72 44 21
72 60 264
72 62 -72
72 67 -610
72 72 305
72 75 427
72 100 -88
73 2 -1000
73 4 -430
73 7 500
73 9 215
73 10 700
73 12 301
73 15 485
73 19 270
73 24 -135
73 27 -189
73 30 -18
73 38 -30
73 39 15
73 63 264
73 70 305
73 73 330
73 78 -165
73 81 -231
73 86 88
73 91 402
73 93 99
73 99 670
74 5 500
74 7 215
74 22 -135
74 39 24
74 42 -3
74 70 488
74 73 -61
74 76 -165
74 95 -22
75 5 800
75 7 344
75 8 -100
75 10 -43
75 20 -102
75 22 -216
75 25 27
75 28 -170
75 34 -30
75 39 15
75 41 -6
75 42 21
75 72 366
75 76 -264
75 79 33
75 85 -66
75 95 670
75 100 -335
75 103 -469
76 7 1570
76 9 258
76 24 -162
76 37 15
76 78 -198
76 93 -240
76 97 55
76 98 -335
77 24 -170
77 29 85
77 31 32
77 32 119
77 37 24
77 38 36
77 40 9
77 71 244
77 98 -536
77 101 67
78 3 970
78 6 400
78 8 -313
78 11 -679
78 23 -108
78 27 85
78 39 18
78 40 -8
78 43 12
78 62 -240
78 74 244
78 77 -132
78 83 320
78 90 360
78 100 -402
79 6 -485
79 9 400
79 11 172
79 26 -108
79 27 136
79 30 -41
79 80 -132
79 81 66
79 89 110
79 92 -80
80 6 -776
80 9 97
80 10 -288
80 29 102
80 38 12
80 42 20
80 52 320
80 59 360
80 82 -240
80 99 -268
80 110 342
81 8 -582
81 41 12
81 61 -80
81 85 110
81 90 -55
81 93 -77
81 94 200
81 102 -268
82 0 384
82 7 432
82 28 68
82 51 -240
82 88 -55
82 100 -456
82 107 -513
83 7 -388
83 9 -96
83 26 24
83 31 68
83 34 40
83 63 200
83 88 -88
83 91 11
83 109 114
84 10 -388
84 78 240
84 86 400
84 90 -66
84 97 600
84 99 342
85 11 240
85 18 42
85 30 40
85 35 -20
85 38 -28
85 42 -438
85 85 -174
85 111 -285
86 33 -20
86 47 240
86 55 400
86 82 400
86 87 -1000
86 89 -44
86 90 -280
86 94 -900
87 8 -56
87 15 -63
87 32 584
87 33 -32
87 36 4
87 39 657
87 75 232
87 82 261
87 85 -200
87 92 -44
87 96 200
87 102 -528
88 3 480
88 17 14
88 35 -24
88 41 -146
88 51 400
88 56 -200
88 59 -280
88 84 -58
88 85 -320
88 86 600
88 88 40
88 95 -342
88 97 -534
88 103 -570
89 7 42
89 31 -438
89 54 -200
89 74 -174
89 87 -240
89 92 704
89 98 -500
89 99 792
90 4 -240
90 7 -336
90 19 -35
90 34 -16
90 43 365
90 54 -320
90 57 40
90 86 145
90 87 712
90 94 801
90 99 -570
90 101 -176
90 104 285
90 107 399
91 2 -240
91 37 -16
91 40 -600
91 56 -240
91 86 -160
91 91 -528
91 96 -178
91 102 285
92 2 -384
92 5 48
92 59 -234
92 82 -600
92 86 -534
92 89 -160
92 90 -1000
92 102 456
92 103 440
92 105 -57
92 116 -264
93 3 -42
93 4 -288
93 11 -70
93 27 438
93 30 800
93 35 730
93 37 900
93 55 -160
93 70 174
93 78 290
93 98 445
93 104 42
94 39 -200
94 49 312
94 56 351
94 58 -160
94 86 -1000
94 91 500
94 94 700
94 106 352
94 113 396
95 3 -192
95 7 -70
95 12 35
95 15 49
95 22 -162
95 29 -600
95 31 730
95 36 -365
95 39 -511
95 58 -78
95 74 290
95 79 -145
95 82 -203
95 87 528
95 89 500
95 94 400
95 95 880
95 101 450
95 103 228
95 115 -88
96 6 -192
96 10 35
96 19 -426
96 34 -365
96 41 500
96 48 -234
96 77 -145
96 82 534
96 89 800
96 90 890
96 92 -100
96 103 -100
96 105 -264
96 106 228
97 10 56
97 12 216
97 13 -7
97 19 243
97 34 -584
97 37 -47
97 60 195
97 70 348
97 77 -232
97 80 29
97 91 1480
97 93 -300
97 96 -440
97 99 -616
97 117 220
98 9 568
98 12 42
98 16 639
98 21 -54
98 36 -438
98 79 -174
98 82 -330
98 86 890
98 91 -445
98 94 -1063
98 105 250
99 11 -162
99 18 -142
99 25 600
99 27 160
99 33 1000
99 34 180
99 60 -464
99 67 -522
99 89 -445
99 90 400
99 94 -704
99 97 88
100 8 -426
100 11 28
100 23 135
100 35 -292
100 36 -40
100 44 234
100 52 390
100 69 116
100 72 440
100 78 -116
100 79 495
100 89 -712
100 92 89
100 93 400
100 96 -528
100 101 264
100 109 440
101 14 28
101 20 355
101 26 -120
101 29 1000
101 32 -522
101 34 -500
101 37 -700
101 38 -292
101 59 348
101 81 -226
101 89 300
101 91 -534
101 97 500
101 121 -246
102 32 -500
102 38 100
102 48 390
102 53 -195
102 56 -273
102 71 -620
102 95 -352
102 105 440
102 110 -220
102 113 -308
103 7 162
103 15 270
103 22 696
103 29 783
103 32 -800
103 35 100
103 51 -195
103 83 275
103 90 -356
103 93 500
103 98 -602
103 101 -350
103 108 -220
103 111 328
103 118 369
104 4 426
104 12 710
104 22 336
104 31 -174
104 34 -600
104 51 -312
104 54 39
104 93 -356
104 96 -250
104 108 -352
104 111 44
104 120 -82
105 11 270
105 16 -135
105 19 -189
105 21 -522
105 22 120
105 30 200
105 53 -234
105 55 -348
105 63 -580
105 96 -400
105 99 50
105 110 -510
106 8 710
106 12 -448
106 13 -355
106 14 -135
106 16 -497
106 19 -504
106 33 35
106 67 330
106 75 550
106 98 -300
106 122 205
107 11 -355
107 14 -216
107 17 27
107 21 112
107 26 200
107 31 -100
107 34 -140
107 36 -400
107 52 -156
107 59 -580
107 64 290
107 67 406
107 109 -176
107 119 336
108 11 -232
108 14 71
108 16 -162
108 29 -100
108 55 -156
108 62 290
108 71 550
108 76 -275
108 79 -385
108 97 -200
108 112 -176
109 13 -426
109 17 522
109 23 -280
109 25 870
109 29 -160
109 32 20
109 62 464
109 65 -58
109 74 -275
109 100 -200
109 106 246
109 109 -448
109 114 410
109 116 -504
110 15 -108
110 31 -120
110 64 348
110 74 -440
110 77 55
110 118 112
111 12 -284
111 18 -108
111 21 870
111 26 -435
111 29 -609
111 76 -330
111 108 336
111 110 410
111 115 -205
111 118 -287
112 7 -336
112 15 -844
112 24 -435
112 30 -8
112 63 232
112 113 -205
112 120 -280
113 24 -696
113 27 87
113 33 -80
113 66 232
113 75 -220
113 113 -328
113 116 41
114 11 -560
114 16 280
114 19 392
114 20 -96
114 26 -522
114 27 -108
114 78 -220
114 115 -246
115 14 280
115 29 24
115 104 -336
115 112 -560
116 14 448
116 17 -56
116 19 72
116 25 -348
116 114 -164
117 16 336
117 28 -348
117 31 -60
117 108 -560
117 113 280
117 116 392
117 117 -164
118 104 -516
118 111 280
119 15 224
119 111 448
119 114 -56
120 15 -72
120 18 224
120 23 -120
120 66 -456
120 73 396
120 94 688
120 101 774
120 113 336
121 103 -172
122 19 -120
122 24 60
122 27 84
122 56 608
122 60 492
122 63 156
122 70 -594
122 93 -516
122 112 224
123 22 60
123 65 -152
123 72 132
123 105 430
123 115 224
123 126 -240
124 22 96
124 25 -12
124 50 -656
124 55 -456
124 57 -738
124 62 396
125 24 72
125 41 -522
125 59 164
125 67 380
125 74 -330
125 116 320
125 123 360
126 49 492
126 89 516
126 97 860
126 125 -80
127 23 48
127 31 696
127 38 783
127 61 -410
127 115 -240
128 26 48
128 40 -174
128 51 456
128 58 -396
128 59 760
128 66 -660
128 93 860
128 98 -430
128 101 -602
129 30 -522
129 96 -430
130 42 435
130 45 -492
130 53 -820
130 55 760
130 60 -380
130 62 -660
130 63 -532
130 67 330
130 70 462
130 96 -688
130 99 86
131 58 -380
131 65 330
131 98 -516
131 111 240
131 119 400
132 49 -820
132 54 410
132 57 574
132 58 -608
132 61 76
132 65 528
132 68 -66
133 26 522
133 34 870
133 52 410
133 60 -456
133 67 396
133 97 -344
133 115 400
133 120 -200
133 123 -280
58 122 657
0 6 -430
0 11 -258
0 18 880
0 22 -880
0 25 -172
0 52 -148
0 55 12
0 59 666
0 63 -24
0 65 -42
0 72 189
0 80 64
0 90 128
1 12 200
1 17 120
1 31 80
1 48 296
1 58 592
1 61 84
1 71 168
2 4 -33
2 15 430
2 18 -22
2 24 86
2 52 850
2 56 -850
2 61 -180
2 65 180
2 87 -16
2 95 32
3 3 -440
3 8 -264
3 14 -172
3 21 574
3 22 -176
3 30 -40
3 55 -74
3 63 148
3 68 -21
3 76 42
4 8 55
4 10 344
4 17 11
4 20 768
4 27 -360
4 46 120
4 59 84
5 7 -22
5 12 440
5 14 99
5 16 -160
5 21 88
5 24 530
5 26 -320
5 28 -530
5 37 -425
5 42 -255
5 46 90
5 51 54
5 56 -170
5 65 36
6 3 44
6 11 -176
6 13 88
6 17 -86
6 18 792
6 25 172
6 52 96
6 78 -160
6 91 -112
7 7 352
7 17 704
7 23 40
7 31 -80
7 41 -20
7 45 20
7 46 -315
7 55 -5
7 59 -728
7 61 12
7 64 -18
7 72 -147
7 102 -160
7 106 160
8 9 -265
8 10 -11
8 14 -159
8 18 22
8 28 -106
8 45 -170
8 52 645
8 54 36
8 61 -162
8 84 -128
9 14 -88
9 22 176
9 41 340
9 50 -72
9 51 680
9 52 -592
9 60 -144
9 65 -168
9 93 -16
10 8 -860
10 18 265
10 21 -602
10 26 10
10 27 53
10 31 6
10 45 4
10 61 -74
10 74 -21
10 84 160
10 87 80
10 92 48
10 106 32
11 14 400
11 17 -106
11 24 477
11 27 280
11 48 -85
11 52 740
11 56 170
11 57 18
11 65 174
12 1 -110
12 13 212
12 14 -765
12 23 424
12 35 -10
12 44 -2
12 96 -80
12 105 -16
13 5 -880
13 18 384
13 20 320
13 22 -1000
13 23 -86
13 34 4
13 41 -18
13 95 32
13 102 -144
14 7 -88
14 14 860
14 20 -53
14 28 106
14 29 40
14 30 -8
14 40 -16
14 91 -64
14 101 -128
14 119 -220
15 11 -704
15 16 -11
15 20 -400
15 39 -850
15 48 180
15 52 -595
15 61 126
15 81 -740
15 85 740
16 3 -500
16 7 110
16 8 -300
16 20 -88
16 22 -200
16 37 2
16 45 -4
16 98 16
16 106 -32
17 11 880
17 45 -680
17 54 144
17 77 740
17 81 -740
17 104 110
17 109 66
18 11 -530
18 12 500
18 21 100
18 24 -371
18 54 -85
18 63 18
18 66 370
18 71 222
18 85 148
19 8 -850
19 11 -200
19 12 850
19 18 900
19 45 850
19 54 -180
19 113 -110
20 7 400
20 17 376
20 28 20
20 41 14
20 62 -370
20 67 -222
20 75 -370
20 81 -148
20 84 -74
20 89 160
20 97 110
20 101 -110
20 102 112
20 112 44
20 119 -198
21 26 -53
21 66 -560
21 70 560
21 74 148
21 81 -666
21 108 -88
21 118 -176
22 12 170
22 14 -100
22 17 530
22 22 200
22 34 16
22 70 -296
22 71 370
22 80 -518
22 82 660
22 86 -660
22 95 128
23 43 2
23 70 -148
23 77 666
23 82 -55
23 87 -33
23 101 -22
23 104 16
23 115 22
24 2 -425
24 11 -85
24 34 -20
24 51 280
24 56 168
24 66 296
24 70 112
24 76 592
24 77 74
24 85 -148
24 95 -160
25 1 170
25 8 -765
25 67 -330
25 72 -198
25 86 -132
25 91 55
25 100 11
26 5 -1000
26 7 -680
26 18 -700
26 60 -280
26 69 -56
26 73 -74
26 81 148
26 87 -860
26 90 -22
26 91 860
26 97 99
27 10 670
27 14 -670
27 59 112
27 66 -504
27 76 330
27 83 -950
27 85 66
27 86 44
27 87 950
27 96 88
27 106 220
27 119 154
28 4 85
28 11 -800
28 12 -170
28 30 280
28 34 -280
28 55 -224
28 65 -448
28 68 740
28 75 -132
28 81 518
28 82 594
28 108 -395
28 113 -237
29 11 520
29 15 -520
29 20 -100
29 71 264
29 72 430
29 77 258
29 81 528
29 91 172
29 93 -11
29 101 22
29 112 176
30 0 -201
30 11 1000
30 14 -134
30 62 56
30 63 -140
30 64 -740
30 67 140
30 68 475
30 70 -112
30 73 285
30 74 592
30 77 -518
30 87 190
30 106 610
30 110 -610
30 117 395
30 121 22
31 15 -140
31 20 -84
31 34 -56
31 45 -190
31 49 190
31 78 -66
31 81 -430
31 83 74
31 86 132
31 90 -86
31 112 -220
31 116 -158
32 1 -156
32 4 335
32 8 595
32 12 650
32 13 67
32 15 -104
32 16 -650
32 40 410
32 44 -410
32 70 -592
32 74 -740
32 77 -475
32 80 172
32 86 -95
32 87 -774
32 112 316
33 3 -134
33 10 603
33 24 140
33 33 28
33 48 70
33 53 42
33 67 28
33 76 -154
33 79 -74
33 83 -855
33 84 -110
33 86 -688
33 88 240
33 91 -305
33 92 -240
33 96 -183
33 97 -77
33 110 -122
34 1 680
34 5 260
34 9 536
34 14 52
34 23 -56
34 30 347
34 35 57
34 49 38
34 53 560
34 66 392
34 70 740
34 72 -380
34 82 -760
34 119 -79
35 2 -195
35 4 -104
35 10 85
35 11 468
35 13 -140
35 16 -130
35 17 140
35 19 112
35 25 -205
35 29 224
35 30 -123
35 44 -82
35 57 -70
35 66 -14
35 69 -660
35 82 -462
35 83 86
35 90 -88
35 91 -172
35 100 305
35 104 -710
35 108 710
35 109 61
36 0 208
36 1 -850
36 6 -67
36 10 416
36 14 134
36 39 -95
36 48 -19
36 56 28
36 59 448
36 63 -126
36 73 -120
36 78 -72
36 79 95
36 87 -190
36 92 -48
36 99 -133
36 106 549
37 6 325
37 15 65
37 26 -28
37 32 690
37 34 261
37 36 -690
37 38 38
37 43 41
37 45 -171
37 52 -56
37 62 -112
37 68 56
37 75 -528
37 90 110
37 95 244
37 105 488
38 3 42
38 5 -130
38 7 -52
38 12 585
38 15 104
38 17 28
38 33 -82
38 34 -76
38 40 369
38 44 -152
38 59 -560
38 82 120
38 84 -66
38 89 355
38 91 24
38 94 213
38 108 142
38 110 -790
39 1 260
39 11 520
39 29 164
39 39 328
39 59 14
39 67 -28
39 74 860
39 75 660
39 81 -48
39 87 602
39 88 216
39 102 -61
39 110 122
40 7 -70
40 10 -469
40 16 -14
40 17 -345
40 22 -207
40 36 -138
40 41 19
40 49 -38
40 70 950
40 77 96
40 83 665
40 87 192
40 98 -355
40 107 -71
40 116 -632
41 6 28
41 8 -65
41 13 -126
41 16 130
41 17 -280
41 30 -196
41 36 -41
41 44 82
41 80 688
41 97 142
41 104 -639
42 2 -56
42 3 -536
42 11 -364
42 12 -112
42 18 720
42 22 -720
42 26 345
42 35 69
42 76 760
42 84 -24
42 89 86
42 92 48
42 93 -284
42 103 -568
42 116 790
43 12 -67
43 23 -1114
43 25 -138
43 27 890
43 32 621
43 50 140
43 63 98
43 80 -860
43 85 95
43 87 170
43 91 -170
43 93 -610
43 106 -427
44 3 670
44 4 -416
44 9 14
44 17 -28
44 21 276
44 31 552
44 32 162
44 45 133
44 76 -950
44 100 71
44 108 -142
45 3 -360
45 8 -216
45 12 -455
45 13 -52
45 22 -144
45 23 280
45 27 -410
45 40 -287
45 56 112
45 75 900
45 79 -900
45 99 -488
46 4 520
46 8 445
46 13 267
46 27 178
46 28 -69
46 36 138
46 38 152
46 65 14
46 72 -85
46 75 -240
46 77 -51
46 88 -168
46 91 -34
46 95 -780
46 99 780
46 108 -61
46 121 -420
47 5 -520
47 12 360
47 21 72
47 33 -328
47 47 19
47 56 -140
47 99 610
48 0 140
48 11 -144
48 13 98
48 14 -65
48 17 -445
48 18 648
48 26 -89
48 38 -190
48 42 -41
48 60 -450
48 65 -270
48 79 -180
48 81 -107
48 90 17
48 91 710
48 95 -230
48 99 230
48 104 497
49 5 650
49 7 288
49 16 178
49 17 576
49 23 -801
49 33 410
49 80 356
49 85 234
49 87 153
49 90 -24
49 99 156
49 106 210
49 111 126
50 6 112
50 12 -356
50 19 -690
50 22 -712
50 32 -483
50 69 450
50 76 68
50 78 90
50 81 240
50 86 136
50 97 568
51 14 -72
51 15 14
51 22 144
51 68 -180
51 75 810
51 80 115
51 85 69
51 89 -390
51 98 -78
51 99 46
51 106 71
51 115 -210
52 6 -140
52 19 89
52 25 -552
52 27 -178
52 64 360
52 74 720
52 83 -17
52 88 156
52 91 34
52 95 -702
52 97 -710
52 114 84
52 121 -378
53 34 -69
53 84 -312
53 89 -115
53 94 -624
53 98 -23
53 110 -168
53 120 -336
54 25 690
54 71 -90
54 79 180
54 88 46
54 95 -207
55 5 -720
55 18 -504
55 84 -92
55 91 78
55 94 -184
55 99 -156
55 117 42
56 10 890
56 23 623
56 74 -170
56 87 -119
57 11 -576
57 91 23
57 99 -46
77 77 287
0 9 -24
0 11 5
0 12 -192
0 43 11
0 46 88
2 8 -192
2 12 -96
2 42 88
2 46 44
3 9 -120
3 43 55
4 19 1
4 48 -850
5 14 -3
5 47 -85
5 50 -680
6 10 3
7 17 -24
7 46 -680
7 50 -340
7 51 11
8 12 72
8 15 1
8 19 -9
8 46 -33
8 47 -425
9 8 -72
9 42 33
10 11 -770
11 10 -77
11 13 -640
11 17 216
11 47 11
11 51 -99
12 55 -85
13 9 -616
13 13 -308
13 50 255
14 0 -504
14 10 -385
14 46 -255
15 13 -910
16 0 -252
16 12 -91
16 15 -728
16 51 -85
16 55 765
17 62 420
18 11 -728
18 15 -364
18 18 -77
18 61 42
18 64 336
19 12 -455
19 13 231
20 9 -231
20 42 -90
20 60 336
20 64 168
21 5 -63
21 41 -9
21 44 -72
21 61 210
22 0 189
22 14 -77
22 18 693
23 20 -91
23 40 -72
23 44 -36
24 15 533
24 41 -45
24 48 500
25 1 -63
25 5 567
25 11 -273
25 14 26
25 17 208
25 47 50
25 50 400
25 69 42
26 64 -126
27 13 208
27 16 -91
27 17 104
27 20 819
27 40 -700
27 46 400
27 50 200
27 60 126
28 14 130
28 39 -70
28 42 -560
28 47 250
28 49 -9
29 44 27
29 65 42
29 69 -378
30 38 -560
30 40 -27
30 42 -280
31 24 730
31 39 -350
32 22 26
32 23 73
32 26 584
32 45 -9
32 49 81
32 55 50
33 17 -78
33 46 800
33 50 -150
34 13 78
34 22 584
34 26 292
34 38 -870
34 45 80
34 46 150
34 48 640
35 23 365
35 37 -87
35 40 -696
35 47 -70
36 18 26
36 22 -234
36 42 210
36 44 640
36 48 320
36 51 50
36 55 -450
37 36 -696
37 38 -210
37 40 -348
37 45 400
38 25 280
38 37 -435
38 62 -470
39 24 28
39 25 -880
39 27 224
39 31 73
39 43 -70
39 47 630
39 61 -47
39 64 -376
40 24 -88
40 26 -219
40 27 -704
41 22 219
41 23 224
41 27 112
41 53 80
41 60 -376
41 64 -188
41 71 -890
42 23 -704
42 24 140
42 27 -352
42 45 -87
42 48 -240
42 61 -235
42 70 -89
42 73 -712
43 24 -440
43 27 73
43 31 -657
43 40 261
43 44 240
44 36 -261
44 69 -712
44 73 -356
45 26 860
45 49 80
45 53 -720
45 70 -445
46 20 720
46 25 86
46 28 688
46 32 28
46 41 -87
46 45 783
46 69 -47
47 19 72
47 22 576
47 27 -84
47 32 -88
47 64 141
48 23 84
48 24 688
48 27 264
48 28 344
48 60 -141
49 18 576
49 22 288
49 23 -264
49 25 430
49 43 -50
50 19 360
50 28 28
50 32 -252
50 42 -5
50 45 -40
50 65 -47
50 69 423
50 73 267
51 28 -88
51 32 792
51 69 -267
52 41 -40
52 45 -20
53 33 86
53 42 -25
53 74 -89
54 15 390
54 27 72
54 28 -258
55 14 39
55 17 312
55 22 -216
55 24 258
56 18 216
57 13 312
57 17 156
57 29 86
57 33 -774
57 46 -920
57 50 -5
58 14 195
58 23 72
58 27 -648
58 45 -77
58 48 -736
59 11 -730
59 41 -15
59 49 240
60 10 -73
60 13 -584
60 44 -736
60 48 -344
60 51 192
61 24 180
61 45 -460
61 46 -5
61 50 45
62 9 -584
62 13 -292
62 22 39
62 23 18
62 26 144
62 47 192
62 51 96
63 10 -365
63 17 -117
63 48 120
64 13 117
64 22 144
64 26 72
65 23 90
65 53 -92
66 18 39
66 22 -351
66 48 276
67 18 -73
67 44 -276
67 56 24
67 64 440
68 13 219
68 51 -72
68 63 44
68 66 352
69 9 -219
69 31 18
69 47 72
69 49 -92
69 53 828
70 26 -54
70 62 352
70 66 176
71 14 -73
71 18 657
71 22 54
71 52 24
71 56 -216
71 63 220
73 27 18
73 31 -162
75 71 44
76 66 -132
