5
195 165 160
0 145 57
1 154 -90
2 154 -6
3 72 -55
3 144 -46
4 70 -14
5 107 49
8 62 -63
8 75 -60
8 96 80
9 51 87
9 121 71
9 141 96
10 41 -58
13 12 -32
13 147 21
17 25 -21
19 0 -96
19 8 -26
20 99 -23
20 131 -69
21 0 -37
22 68 38
22 123 58
24 63 -51
24 83 64
29 36 -4
30 127 87
31 141 -95
32 145 98
33 124 5
33 125 -60
37 163 -65
38 31 -15
38 33 -51
39 75 -82
40 13 -87
41 37 9
42 7 -52
46 69 -33
48 27 -21
49 148 -2
50 22 43
50 110 5
50 131 -22
53 94 75
54 115 -33
57 28 -57
57 128 16
58 114 -75
60 158 -5
61 12 -57
62 85 7
64 20 -20
64 87 32
65 51 28
66 44 -6
66 152 -12
66 153 -18
68 27 18
70 46 -93
70 123 95
72 14 35
72 115 69
75 98 44
76 98 -24
78 132 41
80 1 30
83 24 -64
83 115 -36
84 32 -78
88 86 -64
88 139 10
91 50 22
91 113 34
92 113 26
94 63 -70
95 34 28
96 5 -38
96 161 -45
98 31 58
98 140 42
99 22 -40
99 37 80
99 39 57
99 110 -33
101 16 20
101 95 72
104 24 53
107 77 -96
111 59 35
112 143 -37
113 80 -33
113 103 -21
115 128 96
116 2 43
121 113 -77
122 89 30
122 155 65
123 58 -92
123 76 12
125 4 -36
125 46 10
126 138 31
128 161 -1
131 41 83
131 48 -60
133 132 -33
135 67 87
137 19 91
137 115 -33
139 59 -95
139 113 -24
140 51 52
141 37 -96
142 164 26
145 105 -56
148 23 -81
148 144 39
149 86 14
149 110 96
149 131 14
150 104 39
150 144 -99
151 4 9
151 37 78
151 137 -18
152 19 -79
152 53 79
153 2 93
154 141 50
156 158 -24
157 131 -71
158 24 32
159 53 -5
161 83 -47
161 156 73
162 104 95
165 43 -96
165 74 -73
167 7 -60
168 72 -81
169 1 -34
171 100 -90
173 92 -89
173 134 -62
174 4 -79
175 67 8
176 121 -33
177 14 -53
179 0 -54
180 153 -87
183 144 -4
186 103 42
187 49 88
187 86 -75
187 155 48
189 21 -97
189 87 90
193 15 -55
21 21 22
1 6 4
1 14 -6
1 15 -5
2 13 7
2 14 10
3 12 -9
6 17 -10
6 19 10
7 1 1
8 5 10
9 4 1
9 9 2
10 18 3
11 15 2
12 18 0
13 2 3
13 6 6
15 15 -4
15 18 -3
17 11 9
18 9 -7
20 3 2
103 168 77
0 134 68
1 121 74
2 26 20
2 123 98
3 66 -78
7 138 -73
8 137 18
9 97 13
13 27 -6
13 136 -82
13 165 -72
14 12 75
14 43 42
15 136 -6
16 140 -63
21 33 71
21 99 30
21 111 -90
24 15 50
27 79 7
28 100 78
29 78 64
30 105 -6
32 115 -32
36 43 -75
38 34 -33
41 135 -9
41 156 -50
47 143 -21
48 22 -79
48 29 -84
49 78 66
53 112 -49
55 93 98
55 129 1
56 73 31
58 31 -71
59 61 -24
59 115 19
59 117 -72
59 144 68
61 137 -26
65 145 -76
66 154 -77
68 120 88
70 25 63
70 29 62
71 97 -60
73 79 71
74 62 15
74 139 43
76 12 -88
76 164 60
78 62 100
78 124 16
78 139 19
81 88 -56
81 165 -7
82 13 59
83 3 -94
83 8 88
83 25 78
84 118 -7
85 101 25
86 111 45
87 1 -58
88 18 -88
88 115 71
90 78 -6
91 20 90
91 147 -47
93 68 -61
94 66 -35
96 103 -18
96 138 38
99 117 81
102 89 15
19 19 15
1 7 9
1 12 -1
2 10 1
2 15 5
3 5 3
3 16 8
5 6 4
9 5 7
10 0 -10
10 15 -4
11 12 0
14 5 5
15 14 8
17 18 -9
18 6 2
134 127 90
0 9 -15
2 82 17
3 112 20
4 96 -99
4 121 56
6 123 97
7 48 31
8 16 -55
8 21 -70
8 97 -37
14 76 44
14 87 25
15 72 82
16 79 84
17 89 41
17 112 11
23 40 -24
24 63 -83
26 23 92
27 63 70
28 3 9
28 98 -1
28 101 -1
33 87 19
35 73 75
35 103 54
38 14 -72
40 77 -86
42 97 17
43 115 21
44 56 -66
44 78 18
50 7 -9
51 81 38
52 19 -71
52 96 38
53 17 72
54 75 -22
56 8 91
56 90 27
57 22 -87
57 60 31
60 43 25
61 9 66
62 61 65
64 59 -18
64 97 -22
65 60 66
70 40 3
70 71 61
71 6 100
71 8 43
71 23 -27
71 77 -33
73 38 3
73 99 -67
75 28 17
76 7 -97
79 89 -11
83 34 -4
84 86 -40
86 55 -40
88 3 -48
88 103 57
92 90 100
93 11 7
93 35 -73
93 78 -29
95 95 -88
96 90 -89
99 33 -100
100 52 -39
100 109 -44
101 97 -50
103 15 -27
104 12 -71
105 30 -20
105 63 58
106 75 -55
109 25 -87
109 114 -41
112 15 56
115 112 56
120 23 12
126 97 -86
128 59 -76
128 66 66
130 53 82
131 119 -40
133 34 -87
17 17 17
0 15 6
2 5 -8
2 12 -9
3 14 2
4 4 6
5 16 -5
8 0 -6
8 8 -10
10 4 -10
10 9 5
10 12 7
11 7 5
12 7 8
12 10 -1
13 9 6
15 8 4
16 11 4
58 122 43
0 53 12
2 85 -16
3 53 -74
3 66 -21
6 15 -86
7 21 40
8 8 -11
9 12 -88
11 46 -85
11 55 18
14 18 -53
16 35 2
16 96 16
22 12 -100
23 113 22
24 75 74
26 71 -74
28 2 85
29 91 -11
30 60 56
31 76 -66
34 117 -79
35 81 86
36 4 -67
36 77 95
37 24 -28
38 5 -52
39 57 14
39 100 -61
40 39 19
41 6 -65
41 34 -41
42 82 -24
44 7 14
44 98 71
46 26 -69
51 12 -72
52 17 89
52 81 -17
54 69 -90
55 89 78
55 115 42
57 89 23
21 21 18
1 16 -10
1 20 10
4 1 5
4 6 3
4 20 2
6 10 -5
6 19 -1
7 9 2
7 16 -9
8 5 -4
8 15 -8
10 12 1
10 20 -2
14 3 10
14 16 7
16 9 8
17 18 1
18 9 -10
77 77 28
2 14 -1
5 12 24
5 46 -11
10 50 85
16 13 77
19 0 63
21 15 91
23 64 -42
26 44 9
30 17 -26
30 50 -50
33 42 70
37 26 -73
39 48 -80
40 40 87
44 27 -28
44 64 47
45 27 88
47 73 89
51 28 -86
52 22 -72
55 45 5
60 17 -39
63 48 92
65 13 73
65 51 -24
67 26 -18
73 66 -44
13 13 11
0 4 -10
1 3 -1
1 6 -8
3 2 -8
3 6 -4
4 3 -5
8 11 -1
9 6 3
10 2 -3
12 7 -1
12 11 9
