5
936 927 213
0 732 43
3 27 21
8 766 -25
20 909 87
21 1 6
25 589 93
30 251 -23
33 668 59
34 815 -66
35 809 -78
38 339 -5
42 425 59
47 187 73
56 576 -48
56 609 86
57 432 -28
68 750 86
75 451 35
78 405 -47
78 851 52
79 229 29
81 685 100
83 362 -97
84 784 -40
87 365 -71
88 713 -65
91 153 39
92 778 59
94 693 -71
96 311 77
106 372 62
111 852 80
126 413 -6
130 205 -11
139 563 64
143 810 -13
150 126 32
150 737 -46
159 657 9
165 158 -37
169 837 -93
172 802 -67
178 132 89
179 237 55
189 703 81
190 397 -8
191 624 58
192 104 -21
196 506 72
203 862 -45
205 923 -19
209 421 100
213 107 -98
215 156 -97
220 571 12
238 78 -41
242 535 3
252 673 34
253 657 -68
259 794 23
260 379 40
264 738 -25
267 592 -51
282 847 8
282 870 88
289 439 -62
294 496 -39
295 863 61
300 655 44
315 304 -64
321 717 -100
324 870 83
327 808 -89
330 682 -25
334 342 -60
339 358 41
340 386 -34
355 818 77
357 419 81
360 479 60
366 818 -90
373 912 -3
375 570 -69
377 727 50
378 28 13
378 784 91
391 378 54
404 248 -93
407 613 75
424 106 -90
428 366 -17
431 434 -84
442 192 87
449 690 95
451 406 -76
456 11 21
458 52 93
461 729 -98
463 203 -94
483 419 42
490 571 -83
492 919 6
500 393 -56
503 834 -30
503 860 -44
504 446 -96
508 394 9
531 894 12
532 269 -13
532 668 9
537 0 -87
547 202 96
550 33 -18
550 410 64
551 558 -35
551 817 48
555 598 -27
557 830 4
557 865 -75
563 79 -67
566 225 -89
566 764 -36
569 290 16
571 158 30
574 671 -35
575 906 -39
578 239 -34
580 649 -24
581 257 46
586 459 100
590 746 65
618 144 -16
624 701 -98
625 448 27
627 98 -63
627 371 -54
628 664 -92
631 240 5
631 924 -82
633 745 18
637 561 46
638 338 -2
644 603 53
649 538 17
657 447 -89
660 398 -67
665 764 29
669 7 25
670 173 -15
673 32 88
683 22 46
701 64 20
701 731 -58
706 375 -35
710 24 -88
711 528 -32
711 603 -28
711 689 -40
715 295 -35
715 374 37
719 567 -96
720 74 60
723 863 77
726 582 84
737 730 -63
738 85 -21
740 592 35
741 119 -88
741 324 -94
745 655 48
748 596 1
754 722 2
756 514 -35
761 84 -27
766 239 -2
772 52 -68
775 100 70
783 68 72
786 204 53
789 512 54
795 317 -44
797 884 -62
800 28 77
804 734 87
818 578 19
834 82 68
835 340 67
843 555 -66
843 663 17
843 852 83
847 398 65
856 699 -27
857 603 38
859 773 -8
865 150 -46
870 135 15
873 428 -1
877 653 72
884 52 -36
888 32 -33
893 668 11
894 418 24
899 743 53
903 443 79
904 842 27
912 227 -22
915 230 88
920 388 68
921 97 -2
921 856 7
922 804 48
925 344 -65
930 432 -15
9 9 3
1 1 3
6 7 -10
7 8 -3
938 898 212
2 849 -46
7 867 -43
11 443 -95
16 375 -58
16 388 -99
18 132 64
19 489 -19
25 625 52
29 690 -19
30 735 69
31 33 -12
57 688 82
58 887 -6
61 551 74
63 866 14
70 505 51
70 654 11
73 215 -93
75 112 -10
83 113 -98
84 152 95
84 180 -15
85 716 -19
90 432 60
105 159 -75
116 451 -41
116 539 -71
118 479 44
119 299 -53
120 215 95
121 788 99
140 684 37
141 513 42
141 620 79
145 867 66
152 561 -67
161 893 -47
167 537 -17
167 587 -7
177 295 20
179 561 7
181 111 15
193 23 -63
193 163 -47
203 652 -39
208 333 43
208 446 49
218 674 -25
219 627 95
231 34 16
232 536 45
238 632 37
239 299 -91
250 225 -87
252 629 -90
262 333 -95
263 362 -43
267 755 -34
269 273 -67
274 521 -16
276 839 -42
277 680 16
279 377 23
282 128 -92
288 120 -85
295 639 -85
298 610 65
311 730 0
312 220 83
315 360 44
322 188 -20
328 747 -52
331 546 -37
332 670 60
339 292 64
341 146 6
341 822 46
343 584 -23
344 790 -62
346 527 -39
350 314 -27
351 723 42
361 142 91
364 173 -81
366 597 21
368 661 99
374 412 -38
375 368 -9
379 562 65
395 359 2
395 385 -42
396 514 39
397 154 -38
398 462 -50
399 30 -41
399 481 -78
414 884 53
420 396 -53
421 336 4
421 644 41
421 673 -7
423 100 -21
430 832 66
434 107 -53
439 513 -57
444 853 21
452 324 48
459 796 -71
460 756 -66
468 415 56
472 356 93
475 106 -8
477 233 20
478 239 58
479 232 17
479 411 65
479 700 -36
480 397 18
482 145 27
484 749 -82
488 511 -34
489 607 39
497 283 51
498 725 21
518 11 77
518 853 -34
532 6 89
534 422 11
543 465 -38
546 276 41
548 0 76
560 614 28
562 122 2
563 799 43
564 588 25
575 569 -82
588 305 -13
597 784 -46
611 762 10
612 427 86
615 402 49
615 834 73
616 127 -46
617 255 53
620 402 -97
627 427 -100
633 885 -7
645 197 -22
660 534 -91
661 313 55
662 697 73
664 763 -38
665 256 95
666 784 33
669 866 -83
677 612 -25
685 654 -53
702 94 -84
716 824 -76
717 504 49
717 559 0
720 81 -69
722 232 23
723 675 73
726 571 42
733 13 -88
739 194 93
746 425 -72
746 715 -34
748 200 -93
748 351 -81
756 595 -23
757 208 -80
769 687 -48
772 408 95
774 253 34
788 495 -34
790 160 34
792 179 77
800 753 -5
805 584 34
807 193 83
809 397 -40
812 889 71
816 214 -70
816 727 42
819 595 -53
832 445 -54
833 263 97
840 893 -7
842 619 13
847 98 0
848 757 77
849 230 -98
862 155 -62
863 312 8
866 194 23
866 642 32
867 413 9
867 567 20
868 708 -30
876 16 -36
877 62 97
877 599 -60
884 209 77
889 539 59
890 547 -40
895 225 -53
899 183 -38
904 81 30
926 795 4
934 321 -53
19 19 18
0 15 5
1 16 -6
2 1 8
4 10 8
4 13 7
5 8 0
6 1 1
6 14 6
9 8 -6
12 17 -9
13 3 5
14 3 6
16 4 4
16 5 -5
17 5 1
17 8 -9
17 16 -3
18 17 -5
831 950 181
7 532 59
9 133 6
12 503 -46
15 816 -44
24 54 -60
40 351 28
41 342 -94
47 45 77
47 826 -27
48 835 82
52 588 -96
63 914 92
67 430 -82
68 632 -52
71 313 100
73 158 -5
75 218 -99
80 337 -1
81 919 -31
86 100 27
108 867 -84
110 390 40
114 947 -68
116 413 -29
123 2 94
138 372 77
138 938 77
141 115 64
141 467 89
143 560 -20
155 297 84
156 412 -58
160 617 -77
161 235 13
161 854 42
174 453 16
178 865 71
187 797 72
189 723 51
191 434 -70
192 563 38
196 249 -10
203 665 -26
211 883 -56
215 748 30
217 888 -11
224 558 78
237 829 87
238 220 57
240 717 8
249 900 -72
256 504 81
256 751 100
256 934 86
259 819 -16
262 672 -12
262 756 64
267 779 -17
279 237 -37
279 805 66
281 33 -27
282 847 22
296 319 -69
303 550 -18
305 278 50
315 166 -86
318 406 -40
319 251 84
323 405 -65
324 43 69
324 392 -53
327 95 -17
327 621 -31
329 141 -38
331 734 44
336 613 59
340 136 -91
342 515 -74
353 748 -63
356 680 -92
364 293 84
365 518 73
372 79 11
373 427 84
376 302 -3
386 188 -34
386 539 -98
402 52 18
406 46 91
418 130 -32
421 188 -21
421 313 -7
426 342 -34
426 765 -11
432 364 64
434 897 -87
437 794 -78
439 180 15
449 766 61
452 12 -85
463 738 95
468 311 -51
481 902 20
482 777 -78
486 14 42
486 616 16
494 792 31
497 539 -22
502 756 40
507 75 -89
507 631 -35
516 7 71
516 709 79
520 33 -35
523 166 76
540 764 -86
544 595 -63
549 250 -77
549 355 80
553 169 14
557 903 70
569 5 -91
569 437 -34
569 701 -5
574 667 -78
577 677 -61
587 622 4
587 855 11
591 16 78
597 904 -78
598 702 -100
602 354 76
613 871 14
618 619 89
620 584 -96
623 872 56
632 769 33
634 32 -17
637 106 14
642 298 77
643 151 82
653 26 -63
654 539 -25
656 124 23
656 630 -5
657 22 -10
661 247 -37
662 250 22
665 132 -26
666 213 -56
670 214 -100
682 693 -21
684 669 -84
695 695 -84
703 545 9
718 880 75
722 188 29
726 722 -52
732 326 -39
735 252 -81
741 500 98
743 49 96
748 226 51
758 790 7
759 6 -24
760 390 47
776 53 5
780 460 -86
783 335 -46
787 67 -21
787 890 20
795 548 -67
797 862 44
797 926 -96
798 485 18
804 130 13
806 573 40
810 88 -93
811 389 73
825 56 8
827 578 -28
11 11 7
0 7 1
2 4 -8
7 0 9
7 2 9
8 9 9
9 2 -4
9 10 5
855 875 205
1 161 -59
5 645 63
7 450 -64
16 642 1
26 858 7
28 131 -98
34 193 45
35 579 48
35 586 -62
38 259 -62
45 125 96
48 605 -76
51 218 -11
51 403 -34
61 200 -7
62 746 -46
69 609 50
69 693 16
73 477 -64
77 627 0
79 833 4
86 777 48
95 765 22
96 56 -11
107 595 -100
107 680 77
117 698 -1
118 267 10
120 461 2
124 555 1
127 364 62
129 794 79
133 206 40
136 3 36
136 77 26
144 550 27
156 401 25
157 839 -89
163 783 -85
164 268 -10
169 504 3
187 633 -38
195 1 43
198 560 55
201 5 -13
210 300 43
212 837 26
215 368 -90
222 106 66
222 776 32
226 26 -10
234 680 -67
237 556 -30
240 528 47
252 670 95
254 145 -45
264 123 -94
265 745 -62
279 0 -79
280 43 91
283 841 94
284 344 99
288 64 -7
295 870 -64
296 292 -97
298 275 -59
298 361 -59
301 380 -80
302 136 3
302 605 54
303 783 55
307 51 50
308 600 -67
316 185 32
322 219 -39
322 531 -6
323 137 67
326 470 17
333 97 45
338 64 5
352 209 -30
353 292 -60
355 641 96
358 732 -58
359 516 -7
375 112 37
390 648 -62
391 520 -46
392 745 11
396 545 15
404 175 -82
404 702 15
414 95 -15
419 842 -68
422 261 -13
425 794 29
428 705 -58
430 128 -68
432 215 50
437 556 64
441 720 -15
444 790 -26
451 173 -51
453 47 -79
461 777 24
463 531 31
464 352 -89
465 8 33
467 298 5
478 278 83
483 369 -6
486 566 23
487 570 38
493 792 -74
494 745 63
499 535 -29
501 436 1
505 838 -56
508 683 73
510 122 -39
513 466 -44
518 821 41
530 592 -68
533 354 56
535 171 -11
536 153 -64
550 204 47
553 584 -89
559 739 67
563 530 -58
564 405 68
567 204 63
567 715 -31
568 282 62
571 173 -81
572 826 -8
576 739 -26
576 785 -54
581 387 28
587 844 -21
591 782 94
607 450 92
607 536 91
610 231 32
631 442 -40
636 280 39
639 649 55
642 837 29
649 815 -46
651 319 37
661 369 -32
663 105 -61
665 287 -68
668 397 -5
669 516 -47
669 571 -18
671 80 -73
671 870 -63
674 874 47
684 501 58
685 625 -73
687 386 -83
689 28 65
697 336 34
699 63 -65
701 199 18
701 320 -29
702 780 18
704 393 -79
706 719 79
710 573 -100
710 574 -67
717 822 -6
718 488 64
718 547 -68
725 120 -62
726 487 94
731 319 -59
739 181 83
745 328 45
745 865 -13
746 409 -15
748 489 -54
765 507 84
765 722 61
774 425 -4
785 26 -14
785 577 78
786 419 65
791 25 -23
794 292 46
794 662 20
798 644 -59
806 595 -47
814 195 -36
815 715 -85
820 402 -38
822 328 72
830 630 11
832 857 91
835 801 -71
837 413 -45
838 706 -16
848 300 48
850 718 -1
7 7 2
4 0 -6
5 4 7
828 851 178
1 349 34
1 657 -60
6 605 59
8 7 -33
8 490 49
10 821 50
16 840 38
21 152 72
31 96 61
32 365 29
36 528 12
44 646 40
45 541 -85
46 707 32
47 424 69
54 214 -39
57 731 10
59 446 -59
65 103 75
65 430 -51
65 705 23
67 729 -30
70 424 72
70 672 -68
74 39 -11
80 114 -79
103 445 -8
113 452 40
115 616 23
119 192 5
121 269 -34
130 251 94
135 647 -11
141 40 -71
146 619 65
149 185 -30
154 39 82
156 743 100
162 285 -100
171 846 -77
173 708 37
181 175 -78
183 373 17
186 489 20
188 99 -40
188 191 -42
190 449 -93
195 552 46
206 565 25
213 402 -21
218 318 -19
222 206 27
224 711 -95
235 640 52
238 333 -23
240 743 28
243 120 -4
252 280 -33
256 815 44
260 197 -89
261 816 60
267 254 99
268 172 -1
273 310 83
279 511 -80
289 581 -1
295 801 -63
311 294 -93
315 230 79
316 285 -30
318 451 61
324 316 76
325 698 72
332 402 -22
335 9 -68
336 202 88
337 428 -44
344 197 -25
348 136 75
356 493 48
358 307 62
358 700 93
364 805 -65
365 706 -47
371 849 89
380 639 -37
381 156 -9
381 610 -70
386 797 62
387 63 58
393 136 72
398 850 -31
406 37 -74
409 495 72
410 464 -71
416 743 32
427 532 16
428 395 -18
430 389 -99
432 619 -66
439 117 -35
445 715 -99
453 489 -42
456 522 -13
466 206 -12
470 819 73
484 315 45
490 700 71
497 68 -19
501 801 -2
503 655 55
504 92 -19
516 331 -38
518 448 -3
520 318 0
521 838 47
535 561 13
538 719 86
539 451 98
544 139 -60
544 813 4
547 609 12
550 213 -1
562 746 38
565 682 -42
572 515 -85
573 781 -50
578 621 -26
578 740 -72
589 828 92
595 30 -43
595 229 -99
596 471 69
600 175 -64
611 105 -14
617 373 43
620 269 14
621 386 31
622 489 55
623 741 91
629 824 67
636 388 33
638 444 -16
645 286 46
650 320 -45
651 103 -59
651 592 -71
658 754 -86
667 594 -71
671 108 -78
671 824 -77
676 189 95
678 388 -43
678 456 -55
679 725 8
695 417 -44
704 108 -71
704 293 -44
715 406 -47
721 450 17
727 522 -55
728 123 -74
729 292 -26
733 238 -17
736 187 23
746 611 28
749 429 -27
750 192 54
754 702 24
757 414 -80
762 642 -63
772 29 10
778 424 14
780 842 -83
784 763 -23
802 34 -95
809 167 -99
827 617 -82
21 21 26
1 15 -9
3 1 0
3 8 3
6 1 -3
6 11 -8
7 6 2
7 7 1
10 3 6
10 5 2
10 19 -8
11 6 8
11 13 10
11 14 -9
12 7 2
13 6 -9
13 8 -10
13 15 1
13 17 6
14 13 -4
15 18 -3
16 1 -2
17 6 4
17 18 6
18 2 -2
18 9 3
19 10 9
