5
2185 2130 442
8 405 -15
13 1435 11
20 883 -71
22 1688 43
33 1073 -82
40 1488 -15
40 1502 -50
43 1340 64
53 1184 61
53 1533 -61
57 1510 67
58 1712 8
59 596 -22
61 851 -55
63 971 -86
72 1277 -4
78 111 13
80 388 82
90 1149 20
94 103 65
97 391 34
102 2013 -36
105 1916 -89
112 1992 -74
114 874 18
115 1251 -28
118 2088 -87
121 1003 -29
122 1088 45
122 1282 14
131 1223 -25
131 2099 -66
146 2047 -41
147 586 -36
148 1673 89
152 172 -4
153 1600 -50
168 260 59
169 666 -95
169 1058 -31
172 1810 73
173 1766 -64
180 1455 -82
181 1563 15
190 1304 4
191 1843 -32
214 877 74
215 971 100
217 716 67
229 16 -93
239 676 75
239 1118 1
243 874 -97
249 1301 11
253 387 70
257 768 -92
268 848 100
273 1482 -39
280 1825 71
298 1372 3
305 1897 21
307 1736 95
310 1186 66
311 681 -45
313 26 24
318 1167 15
327 9 -64
328 1552 30
329 33 -49
329 1394 -79
329 1788 -70
338 994 77
346 1630 89
347 1039 -10
351 1678 31
353 1520 56
358 80 -23
360 1481 3
367 2056 -29
371 1374 68
374 1340 -12
386 1108 66
389 1376 -96
400 412 87
401 238 80
403 1068 -84
404 1793 -96
416 1550 -27
420 60 55
421 1718 -9
423 1354 -39
427 1636 23
430 1891 63
440 1222 -86
441 1633 17
447 888 95
449 2038 14
458 1569 65
460 1419 45
465 1876 -91
470 1049 -89
471 1758 -64
472 2099 28
485 920 49
491 492 57
496 1395 95
506 730 -58
512 1948 -73
513 1605 -3
515 1347 -65
515 1877 -61
523 1460 54
524 1967 5
531 1319 -36
531 1391 -23
535 1732 94
538 1500 11
544 716 -96
559 583 95
565 566 35
566 1931 26
569 800 -73
575 1342 6
575 1532 -87
576 1304 -48
582 1013 -97
590 95 -52
590 138 58
591 1047 -55
596 905 42
606 987 68
618 1257 -27
623 822 -92
627 128 -44
627 2082 65
628 1470 -90
631 253 78
646 1037 84
652 369 -82
652 974 -2
653 136 0
656 653 -77
673 1763 -86
688 193 0
695 1999 83
696 630 -48
700 252 79
715 1452 44
719 1997 -4
730 2040 79
736 2052 17
740 31 36
745 804 -19
753 31 35
758 506 -35
758 848 -7
759 411 41
761 1643 -52
763 1512 -68
764 1171 15
770 358 -53
771 375 -36
771 687 -35
772 2 87
782 1920 62
783 858 -71
784 735 -48
787 345 73
798 140 -95
800 651 -80
800 1892 79
813 1741 -90
814 1462 -91
819 1512 21
825 1047 -90
825 2050 -65
827 238 2
828 832 91
839 948 42
856 1148 2
856 1418 6
860 407 52
862 1404 54
864 1598 89
869 782 36
885 1023 43
888 341 31
890 946 -87
918 1062 26
922 1496 -12
924 88 -32
926 26 -33
928 1742 18
940 231 64
948 505 -52
949 122 42
963 1319 82
969 1265 -47
976 713 -4
979 436 38
992 1557 32
1015 976 -4
1018 2110 -7
1022 1842 100
1029 991 82
1032 1341 44
1033 816 -36
1047 537 100
1053 602 -80
1059 1845 69
1073 1528 51
1080 1998 34
1081 875 -60
1084 1555 -86
1087 1498 38
1098 1898 -56
1099 57 -63
1105 1860 61
1107 2079 48
1108 247 -9
1113 830 -13
1125 1939 -38
1133 700 87
1140 1945 94
1146 1056 70
1152 1277 -75
1153 572 -66
1164 338 -50
1166 698 53
1166 905 -14
1167 2090 58
1172 1266 98
1174 976 -58
1180 230 -8
1190 713 61
1192 1425 -59
1193 366 -58
1195 1443 -84
1202 1548 -59
1211 613 -8
1212 1989 -48
1215 658 -93
1219 594 51
1219 1181 50
1221 1812 72
1222 1338 95
1222 1936 -36
1224 161 2
1231 1030 -70
1233 783 -91
1234 1287 -91
1238 474 -98
1246 1987 -81
1249 648 51
1254 1580 57
1259 48 -3
1268 372 -99
1270 2089 37
1272 229 -56
1274 1493 1
1282 1770 97
1286 901 -18
1296 466 -11
1301 1269 96
1308 16 20
1324 1633 -50
1329 1257 55
1330 1069 -26
1333 845 18
1335 789 90
1337 1590 76
1340 26 33
1343 707 -36
1343 1883 41
1344 1896 -97
1347 216 62
1360 1862 -17
1362 534 -33
1373 1952 -11
1376 219 -19
1378 1930 69
1379 959 61
1381 1369 -34
1382 769 64
1397 272 -20
1402 1917 -47
1412 712 -27
1416 145 93
1420 545 100
1422 760 -22
1424 1500 74
1432 257 85
1432 899 55
1433 946 29
1444 578 -43
1447 220 -56
1450 1919 35
1456 989 24
1460 1855 17
1463 733 70
1464 1039 -31
1470 97 -70
1470 606 -63
1473 1350 -11
1473 1865 86
1477 325 9
1478 764 -93
1479 1799 61
1481 603 -87
1485 350 82
1487 412 10
1500 1284 -32
1507 133 -67
1514 622 38
1515 182 4
1523 551 79
1524 696 53
1530 2081 -91
1534 810 -59
1540 1621 83
1543 1455 -22
1544 1900 -43
1549 524 43
1562 1701 -63
1563 539 -67
1570 1211 -53
1573 1856 19
1576 1354 75
1577 1873 72
1585 749 67
1597 1497 27
1601 1660 -10
1603 1333 -64
1633 641 51
1633 2065 -23
1642 1968 -26
1647 514 70
1656 1334 100
1664 173 -69
1680 2073 -73
1683 496 -44
1687 898 35
1688 1479 -64
1692 366 -69
1694 816 69
1715 235 -26
1720 625 -15
1721 497 66
1724 128 -11
1726 1992 60
1735 411 81
1753 929 39
1754 1756 -49
1760 2093 6
1761 1000 29
1763 1577 -79
1766 330 -86
1768 1426 -55
1774 618 66
1779 1004 45
1786 468 46
1790 1173 -54
1792 464 87
1792 699 -31
1796 961 -33
1798 959 53
1815 631 11
1817 902 22
1820 416 -83
1822 1325 -42
1824 27 24
1825 582 0
1832 130 51
1832 1536 -40
1855 928 48
1856 1902 -51
1859 1724 10
1864 877 46
1873 112 -49
1880 1819 14
1896 1481 31
1909 489 -71
1910 702 17
1915 616 43
1916 361 40
1921 1891 19
1928 855 -1
1930 955 -32
1934 1439 48
1938 1747 36
1939 2114 -17
1940 455 6
1940 2025 83
1941 1808 -17
1943 320 47
1949 284 61
1950 898 -20
1953 872 -24
1957 1633 39
1961 1553 -26
1962 330 -15
1963 1644 -73
1969 1243 16
1972 453 75
1973 172 -78
1978 1620 20
1979 32 -84
1979 2114 95
1982 1206 -40
1989 697 42
1989 1977 -72
2006 1773 -43
2015 138 -29
2026 729 89
2026 1352 24
2027 364 -93
2030 905 26
2032 1593 85
2043 1677 80
2047 979 82
2057 1759 -77
2074 892 -2
2075 816 89
2093 353 9
2093 496 -21
2093 1296 -5
2098 1223 -36
2100 1007 -14
2101 379 99
2104 1368 -82
2106 400 2
2106 845 70
2108 1343 83
2111 2102 -86
2122 518 -50
2137 756 -28
2143 1454 -50
2154 816 -84
2177 2034 -66
2182 1249 -36
2182 1375 -32
2182 1530 87
15 15 7
1 7 -7
5 13 4
7 1 5
7 3 3
8 12 -8
9 2 7
12 12 -1
2458 2017 472
19 1220 99
23 1386 22
26 156 20
31 779 -26
33 1538 -10
35 384 57
35 922 -100
42 1882 23
44 303 93
49 1131 -75
52 190 86
54 87 14
54 1541 15
56 623 -31
66 1007 -88
66 1742 -89
69 1160 -55
70 1238 -95
71 16 71
75 970 84
76 1769 -37
95 1444 72
98 190 77
98 1749 -36
107 904 32
108 1247 52
111 1322 -3
116 832 -10
121 1571 42
126 1469 55
132 470 -56
133 1031 -97
134 150 -7
135 1476 30
135 1823 24
150 228 52
154 90 -25
158 353 -3
165 1309 -13
170 1526 71
170 1986 79
172 440 -97
172 989 20
181 543 93
182 755 93
183 58 25
185 451 -21
185 1601 93
192 490 70
192 970 -5
197 1095 -23
207 857 22
208 1020 14
223 1464 30
230 2002 -49
243 1722 67
245 1766 -95
255 535 -49
269 39 55
269 1946 -19
274 1437 -64
279 1768 46
283 1336 -73
285 690 -7
285 1590 38
303 1967 -88
305 738 -14
319 1427 89
321 1415 -23
323 2005 -23
334 1172 -60
339 1481 37
342 817 2
344 1139 53
359 1058 -41
368 433 90
369 1992 -17
372 319 36
376 963 -3
385 246 -19
387 734 -47
391 935 -84
418 924 -45
426 1739 -48
428 2003 -47
440 391 76
453 533 -49
459 499 -34
469 756 46
476 1171 -6
477 183 -78
483 1450 -30
497 1575 -46
501 1575 -80
502 1231 30
505 510 -49
509 1651 61
510 1311 32
524 371 37
524 689 -95
545 764 56
550 1353 17
555 848 14
560 711 57
560 2015 -32
564 1774 35
570 357 45
571 796 57
571 1066 8
586 1515 28
596 1017 45
597 1914 -98
602 677 99
607 563 -72
609 1138 -36
615 1393 49
621 1387 45
621 1922 98
627 1081 14
628 1976 75
636 537 -56
637 578 -8
637 886 38
638 981 -84
643 630 -8
646 666 -81
660 705 74
661 1883 47
671 1964 -84
673 466 -36
674 614 43
677 903 -81
680 1846 96
684 618 -20
701 498 -74
701 1728 -84
702 563 -3
704 709 78
706 1711 52
710 1171 96
716 1453 68
728 336 -57
728 360 30
730 986 76
730 1915 14
743 984 95
747 1718 98
759 1276 80
765 766 83
771 1012 46
775 739 86
775 1226 -71
782 174 29
792 1949 -1
798 820 56
800 1261 60
803 326 62
803 1984 -8
804 1943 -16
808 1803 66
813 1545 -51
818 1491 15
836 842 -74
837 1259 82
847 1892 -2
851 1974 20
854 320 35
865 1342 -72
871 1591 1
887 1918 -88
888 831 86
892 1840 10
894 20 -13
899 1988 -47
901 611 -79
903 514 -36
905 960 -22
910 1037 -48
919 1470 68
927 1444 -41
927 1451 77
935 509 26
941 231 -60
946 528 38
951 1974 6
957 447 -61
979 1336 87
981 438 99
981 776 24
986 878 73
993 370 -19
998 1040 -13
1003 1229 7
1005 755 -96
1009 313 57
1009 491 51
1014 351 -18
1014 1488 -47
1015 1588 84
1024 643 1
1024 1380 46
1043 1114 -33
1049 336 58
1070 769 52
1071 874 40
1085 1092 -76
1089 2015 16
1090 1220 -48
1093 1279 -39
1096 503 25
1096 1610 -80
1097 1342 12
1116 1464 25
1117 1824 10
1125 98 55
1126 429 -36
1128 1375 -51
1133 227 -28
1138 979 -97
1140 1555 82
1144 1817 81
1151 365 42
1152 1606 27
1153 301 -34
1167 503 -96
1167 1212 91
1176 1816 42
1183 1122 -43
1186 853 -70
1190 1820 16
1191 1030 3
1195 813 -86
1207 888 6
1211 679 91
1227 1116 78
1239 368 25
1239 469 89
1242 584 100
1252 778 -50
1268 1972 42
1276 1872 57
1301 484 -2
1304 1831 53
1308 840 -11
1314 809 -38
1319 1111 -14
1322 883 3
1322 1282 82
1328 211 -41
1329 1360 2
1335 304 61
1338 861 -80
1339 1850 -90
1347 1364 -65
1350 1337 55
1352 1861 -89
1358 1152 60
1363 1108 79
1366 700 -33
1368 1022 -81
1371 406 -41
1377 1500 93
1377 1786 -38
1385 1902 9
1387 1231 -16
1388 1067 -81
1395 1518 -88
1405 1401 -82
1411 1304 74
1422 29 -44
1424 338 -37
1424 828 -87
1439 1723 72
1444 1213 69
1448 568 57
1450 162 75
1461 1738 60
1465 1332 85
1469 1995 32
1484 876 -56
1485 199 50
1497 1933 -6
1499 1179 81
1507 572 -30
1507 1190 -11
1508 1740 64
1512 1656 -37
1515 394 -15
1525 255 -72
1531 400 -96
1531 873 58
1532 1791 91
1548 548 73
1548 881 81
1550 354 88
1553 174 -86
1554 49 -38
1558 424 -72
1563 318 -76
1568 825 58
1575 251 41
1581 486 96
1585 1652 -68
1592 1404 -33
1605 1771 98
1610 501 80
1612 509 -50
1622 2013 4
1625 587 11
1626 986 -6
1626 1314 39
1626 1517 7
1627 981 19
1634 96 -8
1634 654 -55
1639 997 37
1658 165 5
1662 180 -62
1664 1153 -25
1670 556 -44
1671 539 59
1680 1408 57
1684 541 100
1687 194 75
1697 1473 34
1698 1311 -64
1699 1694 6
1706 1459 -37
1708 380 72
1708 448 -84
1709 1355 49
1716 319 84
1736 1317 40
1737 1548 37
1738 782 -53
1739 1927 71
1745 1704 39
1747 30 7
1764 680 72
1768 662 34
1770 818 10
1774 1516 99
1784 1016 -24
1795 1586 -1
1809 1923 46
1825 1963 -4
1827 700 -7
1839 1426 -36
1846 2007 81
1854 157 -62
1859 332 -33
1862 560 40
1864 1959 -1
1866 867 -73
1869 291 65
1876 320 -2
1893 1187 -9
1899 1389 93
1903 757 -50
1917 465 -44
1930 274 10
1931 162 -9
1931 181 34
1931 1054 -83
1933 829 -84
1936 1836 13
1948 1130 -35
1971 793 -73
1978 1449 88
1981 468 -99
1981 1620 -54
1984 641 -84
1991 1370 73
1991 1923 72
1999 126 -89
2002 730 69
2005 1777 56
2008 118 57
2013 1183 -80
2017 308 25
2024 1990 89
2025 1341 -36
2035 1029 65
2041 1306 13
2043 946 -14
2048 1804 -19
2049 1582 100
2058 392 -76
2058 969 12
2063 139 -27
2066 1254 -36
2071 1154 94
2072 395 28
2075 78 28
2075 340 79
2078 464 -23
2078 1678 58
2079 306 -91
2079 510 21
2080 7 98
2086 1979 -44
2087 599 -4
2087 824 4
2096 1651 -65
2100 1721 -32
2105 281 -80
2111 944 -19
2114 1287 90
2134 1456 -86
2140 542 7
2153 224 82
2153 1046 -70
2169 771 3
2171 1652 -43
2176 1213 50
2179 128 -1
2181 510 91
2182 2001 7
2185 1208 81
2187 304 -98
2187 1756 62
2192 870 70
2192 1997 34
2217 752 -31
2239 1941 -29
2246 1484 -27
2249 984 -54
2250 735 -94
2252 671 -85
2252 1871 -17
2269 1888 -6
2273 1191 -65
2274 1278 -78
2278 1000 -9
2281 1705 11
2293 321 -52
2301 1874 61
2306 54 -77
2315 1132 19
2317 1300 17
2320 1161 -66
2323 188 -73
2323 1587 44
2325 450 69
2331 383 -16
2337 1148 54
2341 850 73
2347 285 -78
2357 1917 40
2359 149 50
2370 1276 38
2373 1699 44
2373 1707 -14
2379 160 21
2382 1242 92
2389 73 -63
2409 1375 -3
2413 921 47
2415 742 -78
2418 295 72
2420 716 -31
2421 46 -69
2442 1863 47
2443 1471 -41
2444 578 68
2445 905 -30
2448 324 -27
2450 420 -23
2450 1202 92
2453 1263 10
2456 17 -45
2457 982 -3
21 21 32
0 5 -8
0 7 3
0 16 10
1 0 7
1 4 4
2 19 -9
3 1 9
3 7 -6
4 17 -2
6 5 1
6 12 -5
6 20 7
7 14 -6
9 3 -6
10 14 6
11 1 4
11 13 4
13 1 -5
13 15 -5
13 20 1
14 1 -3
14 19 2
15 6 -5
15 10 -3
15 16 2
17 13 -6
17 14 -10
18 1 9
18 16 -1
19 10 -6
19 19 6
20 4 1
2334 2082 488
4 1099 -59
11 1837 -53
18 879 45
34 571 10
36 1982 9
40 1481 -63
40 1967 -92
44 522 44
45 438 -80
49 1845 25
51 1208 15
54 922 -32
63 1704 -55
70 1448 -46
71 514 15
71 1072 -17
84 239 8
85 1851 -54
86 286 -68
90 922 -8
92 1661 -19
93 207 -61
110 784 -84
110 1916 -17
113 1835 -13
116 538 -68
122 380 24
122 1144 -48
132 1927 76
138 1788 91
155 1283 43
156 1590 86
158 1959 -2
171 2015 33
178 1287 23
180 2008 100
182 939 -74
185 2016 71
186 1991 -82
188 1569 96
196 43 -34
198 1335 94
208 193 44
211 1224 -83
225 607 5
233 1279 -32
236 1572 37
237 173 -6
241 972 16
242 1618 -74
243 346 -2
246 1646 -25
250 406 -57
251 950 76
255 10 98
258 1439 -61
266 451 -31
268 503 74
270 534 -49
273 168 -10
280 52 7
284 549 2
286 713 17
299 432 -81
314 2020 47
333 1922 34
338 498 -24
354 886 33
355 407 78
356 1637 34
358 1470 99
359 632 26
365 1726 48
366 1634 -59
369 1781 22
375 668 -70
380 1966 98
382 1117 97
382 1576 -97
383 176 -24
388 86 -66
393 1833 -42
396 650 -17
397 483 69
401 230 41
410 1127 91
418 293 35
419 260 -12
419 1744 50
422 423 36
422 692 -44
427 928 30
435 1144 -54
445 822 88
446 1434 -48
449 1913 -39
454 126 73
456 356 83
460 943 -78
467 647 -42
474 929 -75
481 1585 -12
482 1928 52
496 1796 -38
498 1145 36
500 868 -20
502 1169 5
506 1083 -18
512 1332 43
521 1198 -30
522 1448 59
530 1220 96
552 1151 35
553 2048 -74
554 1615 61
560 1263 -18
562 760 -52
565 1974 -24
571 1084 49
572 38 -14
580 43 -91
581 1123 -41
582 717 63
589 206 14
609 1455 62
611 648 -46
614 1212 -56
614 2002 37
615 1234 52
622 125 74
624 377 30
624 401 64
639 334 75
646 684 61
649 2040 -28
661 505 44
661 2031 -14
665 1768 -11
668 825 36
678 1811 -93
681 0 -12
682 643 47
682 1012 -72
689 225 42
692 1687 -37
694 1653 61
695 1070 19
695 1555 -5
708 1880 -78
712 863 71
712 1668 75
722 1083 16
723 1819 -11
725 458 -87
726 1078 -51
727 865 -40
737 1771 65
744 1281 -78
748 1897 -91
752 1200 -68
762 1727 -94
775 1703 -100
781 686 30
782 239 -21
784 1861 9
790 658 18
792 667 -60
794 1071 -23
798 1534 -51
799 269 74
806 1454 -45
815 1613 90
816 1103 -87
819 416 41
822 1981 -48
842 1681 -31
848 278 -7
849 2027 -85
852 1592 96
853 598 -59
853 1467 -71
854 1309 -4
855 1945 4
862 321 20
865 1704 90
867 1628 50
872 1464 -56
873 2009 30
875 884 -12
886 603 -81
886 1970 40
891 279 1
893 64 86
895 1578 80
896 1563 46
897 1139 -63
904 1686 -80
909 878 -37
935 2006 90
938 1754 73
939 1887 14
941 654 24
942 996 -82
942 1858 2
945 471 -52
946 533 -12
949 1222 4
969 734 -29
977 1130 -53
987 1625 11
988 769 -9
990 333 80
991 1741 -65
1002 1353 1
1004 198 61
1006 1183 1
1009 1405 -46
1010 1696 -20
1013 706 50
1029 184 24
1030 1332 16
1036 601 19
1044 1246 -36
1046 1386 1
1048 974 46
1048 1684 99
1050 680 78
1052 727 78
1059 1199 61
1066 1504 38
1083 335 52
1085 265 -79
1086 476 78
1088 1248 38
1095 733 -74
1099 1744 -8
1104 1582 -45
1114 1462 3
1134 707 -98
1140 1834 -10
1145 302 4
1145 1826 96
1146 402 44
1147 964 -49
1157 417 -73
1162 1289 -96
1164 982 -32
1165 200 62
1176 771 -44
1186 1235 -86
1193 320 -37
1193 739 -24
1194 444 -20
1195 388 78
1197 1791 42
1199 1787 -2
1207 985 -70
1211 45 -2
1211 1555 53
1211 1770 24
1213 394 53
1213 1164 -40
1233 509 7
1238 742 94
1239 1467 -39
1240 379 -16
1243 1673 -75
1255 2006 -51
1263 2033 19
1266 2020 -78
1267 742 59
1273 1337 61
1282 412 65
1289 348 -27
1291 1366 -95
1293 308 -13
1306 925 89
1306 1632 -4
1307 1623 8
1315 1013 -88
1318 2076 -58
1332 307 16
1337 247 -2
1340 926 -67
1342 715 52
1343 192 89
1349 1741 70
1368 22 -46
1368 1879 71
1378 1828 -70
1379 1405 -17
1390 1480 1
1396 942 -58
1398 1127 46
1399 853 96
1405 1031 62
1413 418 -78
1414 1000 -36
1421 119 -100
1422 293 -51
1424 1838 -81
1427 1223 -14
1427 1376 94
1429 1993 -20
1432 958 -85
1433 1619 -89
1446 1975 23
1448 134 0
1450 1883 54
1461 1312 14
1467 2060 54
1471 61 50
1488 2000 -96
1492 323 21
1493 833 -86
1493 1219 91
1497 886 -70
1498 1134 -59
1503 1911 81
1506 975 41
1506 1773 57
1508 1032 -44
1510 1367 88
1513 80 6
1514 1620 48
1519 830 -28
1520 1227 -77
1523 1545 53
1531 1016 56
1540 423 -30
1559 92 22
1560 803 26
1567 972 -4
1567 1294 27
1574 782 -82
1583 1358 -28
1588 368 72
1589 240 76
1597 337 87
1597 1989 -33
1610 520 56
1613 863 -38
1613 1509 -52
1614 1474 -79
1626 513 73
1628 340 -62
1632 541 92
1649 988 2
1650 613 -65
1656 1475 -23
1657 1796 -53
1658 461 -70
1664 440 24
1665 1801 -60
1668 87 67
1673 38 -41
1676 751 11
1676 2069 55
1680 221 -24
1685 563 -47
1689 716 -58
1703 1036 66
1705 1151 40
1705 1600 -50
1710 640 -3
1716 434 29
1720 1860 -40
1745 6 -56
1749 1219 82
1761 791 56
1766 1651 29
1771 1175 -81
1773 417 31
1779 1166 -54
1785 1801 -53
1795 261 -77
1809 481 -77
1810 1934 89
1812 110 15
1819 1520 -6
1823 1099 21
1824 415 -80
1826 242 -13
1858 1004 -33
1858 1018 52
1865 904 -35
1869 1489 88
1871 138 -77
1871 1746 52
1871 1758 17
1883 448 41
1897 1141 -9
1908 502 28
1912 1603 -79
1920 718 -56
1924 1890 46
1924 1906 -52
1925 425 -47
1937 1412 17
1950 1494 -57
1963 1307 96
1966 1641 91
1969 1563 20
1974 656 12
1976 653 -77
1979 1191 29
1986 518 -73
1986 2056 15
1994 189 -100
1999 548 -77
2006 365 -15
2009 983 15
2010 730 82
2010 1193 54
2011 33 -78
2017 789 53
2022 1599 -90
2024 578 56
2026 377 -11
2032 365 42
2035 504 85
2035 1206 5
2035 1920 21
2036 670 -43
2053 372 36
2056 1151 -71
2065 1952 99
2065 2041 70
2074 257 -7
2077 107 70
2077 1098 -75
2080 1215 15
2081 572 0
2084 1518 49
2091 85 -45
2095 125 85
2096 1478 -46
2097 792 91
2098 941 30
2099 288 71
2106 692 -12
2117 793 2
2121 300 -80
2124 558 6
2124 1011 -19
2125 1271 24
2126 1136 -78
2136 1930 37
2150 1221 64
2152 1021 46
2153 1109 2
2154 2073 34
2156 2004 41
2157 770 -29
2167 1906 -85
2178 88 -84
2178 946 -67
2180 256 -11
2183 1533 -47
2193 367 2
2204 451 -2
2205 1888 13
2211 1257 -95
2211 1537 -61
2216 753 50
2218 1553 -55
2228 57 53
2232 1220 -68
2233 1849 -87
2239 1358 56
2242 649 5
2244 502 -59
2253 451 -21
2258 1150 62
2258 1339 -80
2262 171 11
2266 2055 -54
2270 71 -51
2276 1930 -47
2280 1408 34
2283 184 -16
2306 523 23
2307 1051 -90
2310 1704 69
2319 1846 33
2320 1809 73
2321 197 -73
2333 661 -46
13 13 8
4 3 8
5 1 -6
5 4 -8
8 10 -5
9 9 -1
10 0 -2
12 0 1
12 3 4
2348 2054 480
0 1566 63
1 700 -71
4 1071 42
8 1210 -16
13 1014 90
14 205 -99
15 384 -98
18 1887 -28
26 1887 -40
38 1678 -67
45 1632 81
46 618 66
46 1015 -15
51 1420 -33
51 1718 84
52 877 48
53 1042 8
59 889 43
66 933 2
72 292 78
103 396 63
116 103 -60
117 351 63
120 942 57
121 395 -12
122 1145 55
127 790 90
129 544 22
134 1597 -40
135 1768 61
146 1763 22
147 1415 65
148 820 -91
154 1572 -74
155 1532 -91
156 1082 93
161 823 1
168 2016 39
169 1417 96
188 1431 95
190 705 36
195 1097 85
197 288 -70
203 257 19
206 1186 -52
208 629 -86
209 526 49
215 101 61
222 624 16
226 955 -59
229 697 -83
233 78 -42
239 1361 65
244 82 27
251 1005 -14
269 267 49
270 1834 -80
285 1155 33
286 452 45
292 1754 -98
294 277 56
297 1413 62
310 141 -34
319 101 -97
319 1969 -61
327 1273 88
333 1445 -19
334 1388 -11
346 286 9
349 584 2
349 1679 90
350 1815 -45
363 335 30
395 1204 38
396 883 78
400 181 -80
403 486 -71
405 1965 33
413 1614 -1
414 44 79
423 1431 59
425 561 -91
428 325 42
429 520 -16
433 29 -80
438 260 19
441 1284 84
444 1204 -62
455 480 62
455 1994 91
458 159 -49
462 68 -62
463 1332 87
464 718 -78
469 1514 -65
480 1988 72
482 1780 2
493 170 -92
497 1799 -79
501 635 55
511 86 81
512 926 -47
515 1634 -80
529 1458 85
532 1316 92
541 1409 99
543 1334 -58
554 1373 -70
560 513 -93
560 1228 30
560 1565 -39
562 749 72
564 1199 62
565 1441 -97
571 816 -81
572 1277 99
582 838 -75
592 681 -43
600 803 35
602 1186 -40
613 519 -73
614 911 35
617 81 24
619 595 98
619 828 81
621 1905 -56
627 922 -84
629 211 -44
633 633 -82
637 450 1
643 474 99
649 170 -82
652 1353 -24
654 1916 51
659 1611 49
660 376 90
661 501 -88
663 0 82
663 190 -71
663 1162 -47
668 229 -34
668 1193 -15
669 1140 -14
673 1979 -70
676 1349 -55
682 408 11
683 1171 43
686 1597 -56
696 574 44
702 376 81
706 1348 -99
711 240 -85
711 581 97
712 1206 -78
719 1403 91
727 1024 -98
727 1117 -5
734 1117 41
739 1067 -71
745 1323 88
747 926 23
750 278 62
758 373 6
758 1876 28
763 1687 -92
782 1815 -5
787 616 16
789 1968 -23
791 946 -37
796 815 -71
798 1960 19
800 957 73
807 534 20
808 520 66
817 1818 -77
833 0 23
847 636 54
861 1627 -32
864 1480 -65
867 448 22
867 1795 -6
868 326 6
879 115 -3
882 1630 -29
926 1923 89
928 993 -9
930 1606 -97
931 1821 -76
948 461 0
949 832 -93
953 1552 -2
970 25 -47
970 146 -73
973 1997 -35
974 1536 -40
978 318 87
978 1206 78
986 1363 22
986 1444 49
988 648 18
1010 1530 -48
1016 49 20
1017 145 -42
1018 822 94
1019 152 -100
1022 1741 -1
1023 1801 -72
1025 1062 77
1028 1871 -9
1029 1649 -56
1039 1419 34
1043 1264 49
1044 536 -21
1054 844 -71
1058 1035 82
1063 219 31
1077 35 -14
1083 262 58
1085 1604 28
1101 564 39
1103 66 28
1110 381 -27
1111 771 85
1113 199 -90
1115 901 -71
1117 1163 11
1119 782 0
1120 746 73
1125 170 70
1126 313 50
1126 1440 74
1133 1377 -10
1146 157 -65
1147 947 82
1147 1980 4
1150 1321 -63
1155 699 25
1158 1537 -39
1162 843 -3
1178 1114 -24
1181 732 -79
1186 664 -23
1189 499 -63
1193 758 11
1197 65 -52
1207 1207 -2
1209 151 -17
1212 440 54
1217 960 76
1219 2040 29
1221 1781 0
1230 19 -88
1232 27 -30
1248 1049 64
1254 1461 74
1258 899 -59
1259 1713 52
1260 1609 -77
1263 897 27
1263 1337 -24
1264 1204 -27
1265 1611 -48
1267 1784 22
1277 343 -73
1280 463 23
1282 1155 -56
1284 1618 -80
1284 1928 -67
1292 1675 -2
1298 1205 85
1305 344 -3
1320 1169 -14
1331 1633 26
1337 2000 -51
1345 1087 71
1346 1052 -80
1348 987 -12
1351 1799 -24
1361 1684 73
1366 1880 -20
1367 1469 15
1369 1586 -80
1377 1917 -40
1379 1750 -88
1385 446 -59
1390 484 77
1393 494 -36
1402 1799 0
1407 294 16
1407 1630 3
1408 1131 18
1412 274 -15
1415 46 80
1415 1934 -55
1419 1461 -53
1425 1572 94
1433 1717 12
1436 13 0
1436 808 -74
1437 300 72
1437 1270 -100
1439 9 37
1448 1683 -41
1449 318 84
1452 1090 -15
1456 289 -57
1456 1781 -82
1457 578 -37
1457 1374 -85
1461 1735 65
1462 1430 -39
1474 1338 92
1475 332 -94
1477 909 12
1480 1663 -67
1481 573 11
1481 727 -100
1484 2022 100
1486 1499 19
1497 469 -33
1497 566 -75
1501 1142 82
1510 1705 56
1515 1332 69
1516 350 99
1516 535 -45
1525 1391 -79
1527 612 -84
1531 1000 -6
1535 409 85
1538 862 -65
1541 759 -64
1541 1698 64
1542 1440 73
1551 115 7
1552 1229 -38
1561 1130 76
1570 501 -61
1571 1359 12
1571 1849 11
1581 948 24
1586 1739 82
1597 631 -37
1598 954 -56
1629 213 -29
1639 150 84
1641 1069 -47
1642 1156 -61
1645 93 32
1652 1347 -72
1653 67 9
1657 61 25
1657 2041 39
1663 1744 13
1664 551 76
1665 1423 -82
1668 103 57
1668 119 -56
1671 1007 94
1683 1327 84
1689 939 71
1694 2045 89
1695 1289 -79
1699 1946 -70
1704 956 -98
1708 600 97
1715 670 -40
1715 1482 75
1723 1637 18
1725 1231 37
1726 1954 -51
1728 1399 61
1734 924 75
1743 2053 -41
1747 246 -52
1764 1962 -5
1772 1306 11
1776 1447 79
1776 1464 -55
1778 1429 -20
1782 409 -99
1786 460 39
1789 779 72
1795 947 10
1814 195 52
1814 1265 -88
1829 568 -38
1830 620 20
1848 586 -100
1849 1419 -70
1851 1655 84
1862 457 87
1867 1104 77
1879 1491 -66
1881 658 -41
1887 143 28
1906 1804 53
1907 1442 -84
1908 938 -1
1910 21 -34
1915 738 59
1931 260 -70
1935 6 -49
1940 1767 97
1950 1538 -81
1955 651 38
1958 1820 -95
1965 747 3
1976 1787 -22
1981 1699 61
1983 1719 65
1985 485 -50
1986 557 51
1988 987 -51
1988 1320 20
1989 1584 42
1992 1565 77
2004 1300 3
2005 673 98
2008 944 -64
2025 989 16
2027 467 -25
2031 127 2
2032 302 -10
2036 1685 -43
2041 17 -71
2054 902 23
2055 1326 -82
2071 1524 -5
2077 244 -92
2081 610 -5
2087 1953 72
2096 597 -72
2097 1502 61
2105 1948 -51
2106 1470 -5
2116 1194 -91
2120 529 -42
2123 934 75
2124 1646 -35
2131 1398 92
2136 504 -14
2137 766 33
2141 908 70
2149 1751 53
2152 913 72
2162 1320 -52
2172 1697 87
2173 1538 -26
2173 1663 42
2187 493 55
2187 1494 -44
2205 456 86
2205 468 56
2220 255 -11
2220 1859 25
2228 322 -41
2233 781 57
2242 938 23
2245 1296 81
2248 1006 13
2248 1980 -88
2251 634 -49
2252 1128 -93
2258 1867 -16
2260 1389 -40
2263 1927 -3
2267 240 72
2273 1877 -49
2274 2040 -17
2278 1626 -61
2285 1639 -37
2290 1677 79
2292 1920 -47
2304 828 -64
2308 255 36
2321 673 -67
2326 163 80
2332 1578 -88
2335 624 73
13 13 6
1 0 3
1 11 3
4 9 -3
9 0 0
11 11 6
12 8 10
2160 2317 488
1 1590 41
4 32 96
9 2085 1
11 90 -11
26 36 32
26 1352 -17
32 1420 33
37 55 1
37 1310 -21
41 1707 -35
42 1033 -71
43 1767 -28
44 610 32
45 88 16
58 310 -58
60 759 15
65 1525 2
78 1595 7
82 1607 15
83 195 -73
86 396 -19
88 2054 82
94 842 52
94 1904 42
97 1862 19
98 762 36
98 1278 -11
98 2024 -39
106 1325 21
121 1704 -23
123 2274 -16
129 287 68
132 1483 -92
151 215 -23
152 2199 1
156 2216 -75
157 2020 -4
161 350 -26
166 1352 -16
168 965 -31
171 1653 -33
179 798 33
188 760 -37
193 1654 82
194 1832 -64
203 755 -63
210 573 -51
212 2070 -62
216 1752 29
219 838 -5
221 1763 -63
222 1334 77
223 2209 21
225 181 44
238 907 74
243 1349 78
246 699 3
248 383 -52
256 99 -73
261 2296 6
262 2000 57
266 265 -83
266 989 -25
266 1924 53
268 788 20
269 1605 -27
285 1683 6
289 1219 91
289 1586 -94
293 1238 -57
293 1925 -8
303 974 55
304 2247 24
306 1707 -34
318 451 -47
319 1109 4
327 406 -97
331 1315 39
331 1679 -84
332 1504 9
335 347 -19
344 411 -72
345 1869 -100
353 1560 15
356 1176 84
362 2078 12
372 1555 95
373 1249 33
378 1520 1
386 719 46
387 1319 57
388 1963 -47
394 278 92
394 2175 30
397 941 31
398 43 -91
400 1455 29
407 1143 -26
417 1091 47
430 249 52
430 1200 -88
431 975 56
434 1628 -22
441 961 -18
443 2166 -65
454 534 22
457 75 22
457 1659 -52
460 1477 51
464 309 -30
464 996 33
465 2244 -43
466 2095 41
474 1540 -86
478 2306 -46
479 826 61
479 2145 -5
480 561 -78
482 2122 53
486 2239 -25
489 1493 93
495 787 -96
511 0 -8
514 1067 -16
528 1033 19
528 1963 65
529 2156 -79
534 458 62
535 1844 -20
537 422 -26
557 1176 -27
558 626 -68
558 1267 -10
575 1577 -39
576 488 87
581 41 -59
587 1206 -73
588 780 -38
593 1424 -95
595 1859 31
599 355 -97
599 2267 10
611 1254 84
623 2084 -23
625 476 -84
627 710 -21
630 782 -90
630 1913 80
636 390 -59
641 10 80
643 2018 64
644 2058 -33
647 112 -13
651 927 -79
660 1273 1
664 960 72
665 324 -7
666 1450 -49
667 1430 51
672 1050 59
673 1660 37
680 2198 -45
682 1288 -37
686 1305 -83
687 913 -78
692 220 28
695 545 3
707 1117 91
707 1492 -75
710 257 74
719 699 71
725 136 -13
726 142 -20
727 307 -46
733 1061 -19
740 443 -13
743 2083 -81
766 1550 98
768 728 55
784 1087 53
788 161 -8
790 1240 -23
793 209 -68
795 559 44
797 527 20
803 1575 -63
811 100 58
814 1151 -96
816 1732 55
831 1736 -76
842 792 44
845 965 78
855 1874 54
871 1975 -40
887 1473 98
899 747 67
901 581 -9
908 992 -76
908 1737 -6
922 103 21
935 1250 29
937 2290 47
941 735 53
962 1278 49
964 680 -67
966 1790 -30
967 1565 89
970 558 42
972 1382 35
973 1381 20
976 949 46
979 851 17
983 2241 87
984 1977 -14
993 1147 -8
999 700 -82
999 1334 -73
1014 770 -52
1014 867 -61
1016 1957 65
1018 297 -1
1018 1911 -43
1018 2182 -18
1021 32 -49
1026 921 -11
1033 2105 49
1038 466 -40
1046 959 95
1048 2093 23
1049 186 16
1056 2036 -13
1060 1764 -77
1062 118 75
1065 2200 14
1067 353 24
1069 1427 1
1070 781 -1
1072 1497 -7
1076 1140 -37
1077 1497 -61
1078 1791 57
1085 1399 -71
1091 110 83
1098 2297 53
1104 2217 -91
1105 129 -28
1107 1505 -95
1109 1971 71
1118 463 -24
1121 144 -61
1122 451 -54
1126 514 23
1134 50 -74
1138 1482 6
1149 166 9
1158 934 -66
1161 908 -13
1171 1087 32
1173 481 -82
1173 567 92
1176 275 -69
1179 197 -39
1181 336 0
1196 120 47
1200 797 -67
1201 238 -15
1222 1849 90
1224 1598 -44
1233 1516 -60
1235 790 -61
1235 1907 97
1238 1481 -31
1239 737 8
1242 113 5
1245 2076 47
1246 1824 -33
1252 1187 -59
1258 639 -73
1259 1051 -24
1261 725 41
1261 2127 -21
1263 2005 -22
1264 1878 -27
1271 1194 90
1271 1333 68
1273 988 -10
1275 817 0
1275 1885 80
1279 1171 -10
1279 1822 -23
1283 1321 32
1284 2305 47
1285 577 47
1289 1479 -94
1292 260 -51
1294 610 -31
1294 1531 -46
1303 1523 -66
1312 1514 -18
1313 1637 74
1315 1675 50
1315 1734 -66
1318 1092 71
1320 1351 -52
1322 688 8
1324 2294 99
1328 2230 -46
1332 668 -4
1333 639 18
1337 1882 -47
1344 929 55
1347 1585 63
1351 2192 34
1363 2243 -90
1365 1300 -32
1369 1312 34
1370 434 23
1371 712 -83
1379 898 77
1386 1151 -65
1387 383 56
1413 673 12
1414 115 57
1415 1363 -41
1420 1737 -78
1431 1084 -64
1435 189 -44
1438 1371 7
1447 127 -87
1450 192 -84
1450 2253 69
1452 1087 17
1459 1909 57
1460 554 78
1463 1078 15
1464 733 -74
1477 1008 15
1478 464 53
1479 608 32
1479 1642 -67
1480 658 99
1481 285 -31
1482 466 65
1485 1749 50
1487 336 -48
1487 2179 39
1491 1621 42
1491 1692 -93
1494 816 -100
1495 27 55
1496 910 37
1496 1355 60
1503 823 -59
1505 404 -89
1507 2047 99
1510 2097 2
1517 1282 64
1523 520 -30
1538 1672 -22
1541 1575 -31
1546 874 14
1547 1617 32
1552 476 93
1554 2314 -99
1555 838 -42
1556 704 23
1563 1505 -50
1581 1788 78
1583 216 97
1587 1108 94
1588 835 -26
1589 240 76
1590 1177 36
1602 390 19
1605 947 22
1614 1338 89
1616 2151 66
1617 1800 -53
1618 325 -47
1619 1882 -26
1623 549 -70
1623 794 -42
1629 2175 -79
1630 244 54
1631 175 -29
1633 857 59
1640 1767 14
1660 1040 41
1668 292 19
1675 1181 50
1680 254 89
1685 342 52
1700 1473 6
1704 1354 -93
1709 1943 -59
1715 1684 88
1716 78 -13
1717 258 -63
1718 795 59
1724 1065 48
1726 623 0
1726 874 65
1736 1593 -29
1738 69 100
1739 862 -85
1739 1712 -5
1746 1610 -8
1748 1012 67
1752 744 6
1758 1473 70
1761 248 23
1766 1061 -70
1769 2127 -25
1771 1135 48
1786 1088 28
1786 1893 -55
1806 601 85
1808 1435 50
1809 1577 54
1812 1340 18
1820 363 -62
1824 1510 97
1827 1886 -64
1829 2042 71
1832 955 -35
1833 1165 88
1837 1562 -11
1840 1953 59
1850 116 84
1852 1610 -1
1854 2099 -17
1861 1189 -75
1862 1706 -31
1871 207 -80
1874 2296 -15
1877 2079 -43
1877 2149 40
1882 2288 75
1886 1326 61
1894 454 62
1903 396 -63
1911 2113 85
1912 1856 64
1913 1156 -24
1916 1709 86
1924 521 -64
1926 545 -47
1929 338 -14
1935 2023 -32
1935 2088 23
1943 1517 85
1945 1728 16
1947 1179 14
1948 539 -18
1948 2141 -29
1952 2040 17
1956 1926 -10
1958 2108 66
1984 2164 5
1996 2064 73
2002 2063 -57
2008 1451 30
2011 1061 -1
2016 1170 92
2019 628 -46
2020 8 -42
2020 1175 99
2020 2014 88
2023 1549 -86
2031 1016 51
2036 120 -37
2055 1070 30
2056 1314 74
2071 1364 -48
2079 833 33
2083 852 -6
2086 113 59
2107 1075 69
2110 801 -61
2126 1144 28
2128 329 61
2131 2061 55
2133 2175 -65
2139 1321 -15
2140 659 -37
2145 567 -90
2145 2167 61
2156 1893 -26
11 11 6
0 3 -4
0 6 -3
4 3 0
5 3 10
7 3 6
10 8 1
