R
100
2 18 15 16 11 32
2 18 15 16 11 32
2 14 15 16 23 58
1 15 13 84 46 25
2 14 15 16 23 58
2 14 15 16 31 32
7 22 27 25 34 40
1 15 13 84 55 25
2 14 15 16 23 58
2 14 15 16 11 32
6 1 13 14 23 42
7 22 27 25 33 40
2 18 15 16 23 58
1 15 43 84 46 25
2 14 95 16 23 58
2 14 45 16 31 32
7 22 47 25 34 40
1 15 13 54 55 25
2 14 45 16 23 58
7 42 27 25 33 40
2 74 15 16 23 58
1 17 13 84 46 25
2 11 15 16 23 58
2 18 15 16 31 32
2 40 15 16 71 32
6 1 13 14 73 42
7 22 27 25 33 40
2 14 15 16 23 58
1 15 13 84 46 25
89 14 15 16 23 58
2 14 15 16 31 32
40 22 27 25 34 40
4 15 13 84 55 25
2 14 15 16 23 58
57 14 15 16 11 32
55 1 13 14 23 42
7 22 27 25 33 40
2 48 15 16 23 58
1 15 77 84 46 25
45 14 95 16 23 58
2 14 45 76 31 32
7 22 88 25 34 40
1 15 13 54 45 25
2 14 45 16 73 58
2 14 15 16 11 32
6 1 13 14 83 42
51 14 45 76 31 32
7 82 88 25 34 40
1 45 13 54 45 25
2 55 45 16 73 58
2 18 15 16 11 32
2 14 15 16 23 58
1 15 13 84 46 25
2 14 15 16 23 58
2 14 15 16 31 32
7 22 27 25 34 40
1 15 13 84 55 25
2 14 15 16 23 58
2 14 15 16 11 32
6 1 13 14 23 42
7 22 27 25 33 40
2 18 15 16 23 58
1 15 43 84 46 25
2 14 95 16 23 58
2 14 45 16 31 32
7 22 47 25 34 40
1 15 13 54 55 25
2 14 45 16 23 58
7 42 27 25 33 40
2 74 15 16 23 58
1 17 13 84 46 25
2 11 15 16 23 58
2 18 15 16 31 32
2 40 15 16 71 32
6 1 13 14 73 42
7 22 27 25 33 40
2 14 15 16 23 58
1 15 13 84 46 25
89 14 15 16 23 58
2 14 15 16 31 32
40 22 27 25 34 40
4 15 13 84 55 25
2 14 15 16 23 58
57 14 15 16 11 32
55 1 13 14 23 42
7 22 27 25 33 40
2 48 15 16 23 58
1 15 77 84 46 25
45 14 95 16 23 58
2 14 45 76 31 32
7 22 88 25 34 40
1 15 13 54 45 25
2 14 45 16 73 58
2 14 15 16 11 32
6 1 13 14 83 42
51 14 45 76 31 32
7 82 88 25 34 40
1 45 13 54 45 25
2 55 45 16 73 58
2 18 15 16 11 32
3
7 22 25 27 33 40
26 23 16 15 14 2
1 6 13 14 23 42
