65
40 1409869790947669143312035591975596518914 3 6 1 3 4 5 4 3 2 9
44 13180872826374098837632191485015125807374171 4 8 4 5 3 3 2 6 7 2
47 11111460156937785151929026842503960837766832936 4 8 4 5 2 4 7 4 4 5
52 1152058411884454788302593034206568772452674037325128 5 5 7 5 7 7 3 5 7 1
61 1116716749392769314599541809794537900642843628817512046429889 4 8 5 4 8 4 6 6 6 10
70 1082459262056433063877940200966638133809015267665311237542082678938909 10 5 8 9 4 5 10 5 7 7
81 129049549878268233256883381302815012467835672190109552534355121389997818506160385 7 10 9 10 4 11 6 4 12 8
86 13380115429233940095604389734410310117100995067992702323161470502791037473665635425809 14 11 7 12 8 7 6 8 3 10
92 15385139106431711643524221557482279748374290861085515437934408603594478161737710269882076744 7 12 8 9 13 9 7 12 9 6
98 10933402950546727102797660073653500548627122340272799315506394167390200192685406718502163069409863 17 8 11 10 7 9 12 10 4 10
111 160315934185614122473327276500131314855604135915469629507118909263076087590471022644452597131283888029087109729 13 16 12 10 10 11 9 10 9 11
124 1452815235413449534189983410888285644475648721895169018403435938673646672720247029959992118874049947882115958890567099150434 9 13 10 9 19 13 8 9 17 17
125 16111967857603554797929155400174310964103654135943897789553945634128457897367547898182707228021086758156611701046055535657197 11 17 6 9 11 19 12 17 11 12
134 15617701486882918434518048526595286423497607684326395142504000948882177316400502530447779058303460208548267197100828187064609006236386 21 11 12 10 16 11 15 12 18 8
147 141530751622060734789349637541611806906560581814825656065057782655897254318057662142341135314844769422903905867863877139246681886097354486547763701 13 16 10 13 16 17 21 16 16 9
158 10428170087510142513003057669962087616734396610851957661841082666377879726632480951238815619001048548750831415087300271897784233814999629327476879216245414498 18 20 13 12 15 11 18 18 19 14
169 1243234459734379743712827438038707447630541620345543237498759079865596519432586087299321585109670660804336246415121336532361519868786662312884889527248424757866455701033 12 13 17 22 21 18 18 18 18 12
170 13787681438379834200595023949629790030968901073603415504224340988131204131445471231759779408115378269776131884582346904536507241527525506970736829205739365581273575674789 18 16 15 20 17 19 12 21 15 17
176 15853779289614481577191691577533518174485949824765525957623037737532160833631593681512535189759649213804709691705593604227037581022758330489263385511067756715301085561591382880 13 22 13 21 10 28 14 21 18 16
185 15367433362106577541023664804208466284893300766114398081710415029191302443255038883671520523820306555555107728234131999436214731543989331035480117481491920453278983400009134843095074197 24 23 15 26 22 18 12 13 17 15
195 102098751241605365210994276911130356942241829717669088641675843357036577144651151663139927014083462234470205844005526668054605134051542095639503314608767192463861424988401337986848977992102593240 22 23 18 18 24 19 23 15 15 18
201 117398351213999963820533586238072669577304347789736758333755975926816331791943429751272878223962655845744721219215981652559650305465859791730298612778201942705053823439206333544970534818615050106976641 14 19 21 26 14 26 18 23 17 23
206 12172095849437651746526557151909152405151776215629927245456823336577780152842044746936051695580919273486919546599508691784148472174499162819563735668371884382928018891003466295878428710427822945643067978097 14 22 21 12 23 24 21 23 22 24
211 1262027241743996257169366534803711153432873792011637768873717598849301425880152551659880282149947993889708136584785538962348100239436771893992147449837835103812540911951967569050060912009607003831549523998076513 21 25 17 24 16 20 16 21 24 27
212 13996096584582319101120555665393046863334357642481745970755980221519006777217824053728829232984069799689573175474963017211692498686693180930883199121912556704118350558521140368573724146877071610187085176151474019 20 30 17 18 17 23 20 23 21 23
225 126835441889743097340727630578408659799637671849019471097359434645125539664996893926320440962328494184219331453380308406324278256156218620677551154683047906877477752434202181140783410498973865075528473667617235450068805851032 22 19 19 24 29 21 23 25 23 20
236 15121175695228389691238456622388018140387079481410330377810463463629838645740453170367023984367719167197684811115618021940971049682294882249102304007890323859189736614628734394441273091689959935816096790673022645366699417236684183026193 22 30 21 27 24 11 28 20 26 27
248 12356089739011394932102868400393031529302951005246598817814165905753788256945250904930644838262476234862494277876847963547913178690407073161150774087322306537828779894148876698709278743226142563159787729744801722731514847279570888195231155884753413 22 24 25 24 26 22 18 33 30 24
251 10416168992682778987799160158167689265265271894914881338585478627731892234428458006510446738525662760108804305777500847732573302356243738018358896324598337743925840862926987779843292106414414884734874310616777466445994214740155341861674216412584277599 17 24 24 21 33 21 26 32 33 20
262 1241803702993867014697757267445768601859626931606951824967351007189691646433226450974375450539637730940562411399429324525421333185612656256968235728576924340354290902601125420623502188443984183748016958073514038418573968058804746388264414538666101652328087151874 24 26 26 27 31 27 32 21 26 22
268 1427889229692280949950629764965817316910195540460161525826714294615562939489150296453229088265801763028057186488426219754742377885977345938266330523445629616699157520004612879411509335842340089045143582714395230161662511765050125011238923052282776745348343212097286085 25 28 36 21 26 31 28 20 25 28
279 105208737908192959476133252178862414624297337867800143423361406860825585143312696934099447880630295304896696763417467220077933465614247791446650786374358737523001670462448494048845408936941352981701351372386121248323804845986153622736165675845872900845415084382762560672494812784 25 23 28 30 39 22 32 28 31 21
286 1341626349780998421193186668692326210838132271075430371344321184454739634947733208470553177370896721485554641599532514363003228461815245511739324759025389459078802352427368320886498904772927618748809705113790029099455850288091640247389842804124722063609115536195627361571065173481094063 28 31 30 33 32 26 23 27 29 27
298 1096294091692049806669177523462334958802394800672574932043427888419566523396323702392783058166129952099132370353302769333475421942928621370038175703154341063688885991204619514149195885515913228939446488452091422867960672238667821937198373972580444494426718526104344789106848851511864786869347605757 24 28 32 33 34 24 30 25 33 35
304 1260574857627148584988951373821514656789860173620279312930221860259898954684351678507179486058246032020186630566827742124559226454123276746773464503404158913676119603792883341357497314569817461625498571877878997585430646271335802787816053287654177214350726633935590907410979836295310974976639238094251024 24 29 30 29 30 31 34 37 32 28
311 16074904789180177870391681690794099881725730743926208654306818882371426302213415544212395473273260471169802683410941375556452714782106312084653945801180440136938939727099876826741907828621071083118371136597111812105690904290676618895136466111206712400555346637315699939876445287596267128791194792870395147006623 32 44 28 27 28 21 34 34 31 32
323 13135418179411236075376516550248941723996662217747800793323770354614920120054438135038694033074305148091627887644494556705125075126225544562200501612108246127682007518047786453206387984521533478115928751639986736394484296602619523568359915643001770728174000012138421366049808852299486277233501832886361727679940220199015437 37 36 36 32 33 31 32 33 28 25
326 11073141943468270876805946781384892395984597880219379318027503569728514319597628340971934593720129479138038125978372677286687301468216237218864446136119976865974826109980612047132358953280234343213642156653832808167352320014766015322812247935546039877247306880122918413934382495148044824112812626529421574010561035359786900162 27 39 39 37 32 24 30 29 38 31
332 12732463336848564802769163006519036847585863473945564200859210770254235741497754771170305243217340398830729667628150404179797876459552822449905926210324698257712158379119102127564666745534317234259479202499185755941368504897027766129073961913455919519918595829117397259196651066975333192485461216226654763502538792969359209565496673 24 33 36 30 32 41 36 37 21 42
338 14640435700349732228972393123085726985014837593775765539802383742705630725166663335704544282559674009529633468531034408522523140722179959748314995396086929062464703001254453526592340234066512565083776654816104882811592349532519626231296590195472014763833463372583715662764651344426588229207748109763548019094687155208621217513455701845885 31 27 40 39 37 44 35 30 27 28
339 100347039120519177078962106577784514164718799148118363112868863443525169063505229447688373356323975537921020581189836400756048409352329393712091749610580099604951669527639545371784039141877207866251126066754725527455305121645129046976623170953726034000460861649914966232404359726919262509359667418196256791611119225911800715167850798631081 36 46 30 29 28 34 41 34 24 37
343 1517949654142455754756105572773679136578685300859353068980246778043323815760286000521457751238171301022617970631332628818867194532621087299981639767362949994458275098951368020563828381749034138946513488131150721241609055211951282792919113919370000188218678617755909439268507495157582164887799547628124544188082939220697351008141459335979517261 31 45 33 30 26 38 28 36 38 38
346 1279629757787534859340436494135972580981677315486017171715732404101048825939503534621484571885718294314979446102525333696729453856840447060325530264378211707591643984207936571288851580686625468893800162780653247012988117693993966653783955079395016528283095436541670402418879325043650356618170958277267949855307455811694472406506718845514629736898 30 33 27 33 37 42 35 37 39 33
348 157384056026157661864272805767348207115665522378684607304234180901285516122952342380899119228171532550067402421468196152666754055008696432714516414611410385929335949747011036106844400749911017360185898911330192424956405179673940553002919943156823769319417021682334739109653678450163782675470244467971460880745267285185655592017501569359572606809117 38 46 32 27 36 39 40 32 27 31
350 11963258742429098328532855019499676925142621309755523973730268644482460131817850915897492491228019330360456367690746222780981998228367767454169855662933053897681736181759819493078047610575174878490815529867945314878987062913002721040708720506654195435682198952890893225886905230965150750073019532872859106038197855742975062148424596964575010393779339 36 31 35 30 28 39 31 36 39 45
355 1240374592817149629619088108246351549974496150283445883063346044968609740390996658813637347650230640381896414965829222874004553570699019185713976124407704679922296170510368543441065913304700017556892903482106574129056201259504600758699432355818427248377696945571871916514501561379619596901939977747924908910000521133892442561042962842146350754303485889147 42 37 29 29 44 35 35 30 29 45
361 1426245965926471045135003318099143809298175425011658949484540924769604172034738305250462903552365263046405883928809924401343468152795552020446523124877090755944563239064067541464665273057551101206501305483047060959580004630523852428598282695708031471187159290126104956310442145247246649119796887446476157665101198479930838968424131086546157717031927050010254850 48 37 34 27 49 45 34 26 28 33
372 105087660093992776454666801440949440919943346221238836862350318854414831117562488964189450215868737739656575950617350658043244634306953360814287480245031635894024250800417938820622606324663310364139338478255810464578014199593356699719352428998631195799876450192062292102144657655597964267113625991623604706382820987143118897268362279307533938121815170534348290136339863457 34 37 34 45 41 34 44 26 38 39
385 1540895042060649971347098465260657663658527750341395771452358338725964743059979790887791748227101265304234336595981944289839665632704808743841737302129175787432929495983257690637339284392164838497037918313566762267424495059738664636483471346503784916880574939827735322429778592779254556760883128288744211333163110587321213141985914149951434459767693116353402244405814772068711472361755 24 35 36 47 47 37 35 48 36 40
387 117128294622384885197276570374443463622469809089818124304299798318521904956304082591998373664206548683745162078160443629040326237770009811769598735527297359576773802433831693532792540454639754721734095123735132459531111254777982291042619228879499067690758037781316640458252804160897088985450034538040078685565795673675551326796167289746842312122545210900215496858890319846900167052880849 39 34 41 35 39 39 35 41 42 42
390 159763079736070569214995345446647162424162112053070442328304676088819015514916890861712415971421993562933272299572558799334077917322228378984308753784824199002534757595425228027053332140123981396730873994927114635544755753045056572249777156535470002337775466075217203038674946713943281392852098240238191248859648332189594995908861655841560432456430430347710815697709232284471437056062349323 36 34 45 45 45 42 28 44 30 41
392 12144095841908421826962296532907423538297232746967671022450914044392627772361368704614244970012458328768434782495231252233780184002441261732914800757133994077802880738514688071206539376425646274025045416977073210517119440680288271464714037120148286838305367699588452188955828704635186134630805895909079910147212267383639419244339685783195615614390784198196435589505368663667617029542916084193 38 41 44 37 47 30 39 38 42 36
397 1259124144963620697240719943927630916923290222048632257859937545646416634375449525075510064388833330779162306434925404615942353408700788661222062560331568038447460921153906086165004722093771316528825004201282809489100845389082537307226498505648595447089678066137971862074001591295732564649894127914195188705843183621304706592416075974577120528384422975114857623890880136927495549010168458388417777 46 36 43 35 46 39 38 37 39 38
407 13535530569633834745092354815009891742769637479810212307117906288207078468179333845718475099503113358888439271589866234206136014689143576206680630406195884704566253616647815829511864377001736022425566131750620304681794719142853550512119088423141493564695839670887578585647257059607576851107202012756284484741062860246958202879697751436522856435562363625449550169839219067911850477846270149825432157119676945 39 44 36 35 40 48 48 41 43 33
415 1183056847408753319332575024920781146883688982773697298853553364297677244514415255925900581078301841461450386529900604129796878046965031284631519706692914159273133479295165243370261546149353246824375534986085640134370937562199323854349196359467689749374304622728958742055241062190637829042410627336214256110968986972224722141583946076028787832143197799086547661285824552341651389648932459148031620957308835282282722 32 39 50 44 46 41 41 37 42 43
424 1146764246809443569829753911609133976698830606248576472946740393279118624930325957346865657643601935723801273921339452870388974473091255329111294089694712835772134645299119224720133955543682634678164759302929897481725365673661054676508981520225655715452811565366842477711529183675753166210543998619738108742529803341435386604375299758599667377444018553993205402387551956414766007549577362866254371724192911676126716721841143 25 46 42 45 44 47 51 47 32 45
427 1564187273383880468071344251345059749180387516746279136418500608270375090721275188495120985306225407307176490160973510842825585164706286560898461084957627610166769654515486719706904030960618918050176932915321455874690232699472365739903342279358149219574895853847928587789664886464910439818885074388630993337607769260819818259776826065613054080027783245940028515683680140899916099678370732554797379289170692946695719343777474641 47 38 31 35 40 40 48 50 50 48
436 1516202745759714096698543605024333750629568150638676975096982872382820064517103167285171339530702303861463929205592760569220487438846321321594286490882419312344907643551608361957266993011375990287745626210765424466130066562668444311311389077675724079863759721299158703967455512517214080379222167328146591177655853283129807530672491714253143932380860480850205811844739717756092631265273710755305464303242868718068276692634676689425619213 41 45 50 45 37 44 54 46 37 37
437 10392208220944826945896549340372966253006907405119828222218601844446524722520375092483290265533555156082362104730166002163662004782838512342429390637160543341046076261842162576449811361863557575328154683260922349948263420264971355245558091723734799420252503744237869290516261646494606367831135786814834277371072965458619716412984383904137632494829417232524535495685362908079841658154087761838000493861403005684423094499371437844288409056 44 36 56 46 58 41 48 31 40 37
439 1278157116093138494428193067681423307032992614481682668715359612458428238947246911888505335477320555710223332458988326994797816331331190493469398171070330592465133610106385610471309732935645175477629435382591875861619385259649145496817758060191951519014229042302074331268806862513339942083826990808714820018041145349109164557836041895858654844756580990071662854073973710623171736801500344040461461883023525121177917136056041616459440385799 44 59 34 50 46 42 41 35 45 43
441 157202933071235089987721850775474693798805084673841848423767013730542226865788849787193672973444894797201387530350834054357967746748953592184393545651013502329870387966823587925394647339722493026173092397375539808629236123516579924753338683311886302039329919699410904876772727827494318269942888733685108027941689804974968620897420168806710408272564632361582006515603081043742043784926388229214921811118032186899199384640393747386666879044221 39 34 46 54 43 29 39 51 56 50
453 128456516041733937684163031712630555640690973774683025144452778943437634361288822856640215637683942942981941522317621155623666919128354981983862598952418424090308015994244742025316201855930519826617075465276484554748600820058556463722139334945079077652888381751952316754936821706622987314040617110007136809206319685947773582913679921320806243059334158873909885442738670315666289444234205973881117384239666836442452419368729448821358969789936873001192165 37 46 47 49 50 42 51 38 49 44
460 1012390980402065641855180124475311431856026543972734182411399187300282544512194538638754956822311259097691453140166379313174681599613933120642639183932310290237117768517235367073206780097751918294918708529164097269522110733734442498696361953985013053698685134316449957080395470048668395518730298215314153596678916600816074274256144300037121636084663680437259356414050370222266598255577779707393919449353241500515375272068051897054979244300395233468167323331849 47 55 42 59 44 46 43 41 35 48
463 1380902039490144992625023078353234030882102215629760672600835867299836480100440819417998171741104656305582134230306435738027147573201598914755190161525214546110965364895947156236990712487758167656298635637552046449234293761257626353936227442345123717041552735446310097586409525883777818449804334578752127065163097517583982122941942041873573917678167813394350763497320492069250235791728052222434185674648381096509928485055722613837912679775571816351235326808516933 43 48 52 51 45 52 42 49 39 42
465 104966721620282584734867037988863914269721309244628258918225835217264239539186480867849267122885365019934494625410255045832359715759649385824745506982513773397742803445080995617047976796168678756479470761439513575962955568645505845492393360201582183610207447528637825187188815786270477935419631184553635981047057037341800837414913595584426355208257232868908837817478483039310790967631454123105472742221897397857677674619381961429837434434636098678708225493682469561 33 39 45 46 52 51 45 54 56 44
